0.000
0.000
0.000
0.000
0.000
0.000
0.000
0.000
0.000
0.000
0.000
0.000
0.000
0.000
0.000
0.000
0.000
0.000
0.000
0.000
0.000
0.000
0.000
0.000
0.000
0.000
0.000
0.000
0.000
0.000
0.000
0.000
0.000
0.000
0.000
0.000
0.000
0.000
0.000
0.000
0.000
0.000
0.000
0.000
0.000
0.000
0.000
0.000
0.000
0.000
0.000
0.000
0.000
0.000
0.000
0.000
0.000
0.000
0.000
0.000
0.000
0.000
0.000
0.000
0.000
0.000
0.000
0.000
0.000
0.000
0.000
0.000
0.000
0.000
0.000
0.000
0.000
0.000
0.000
0.000
0.000
0.000
0.000
0.000
0.000
0.000
0.000
0.000
0.000
0.000
0.000
0.000
0.000
0.000
0.000
0.000
0.000
0.000
0.000
0.000
0.000
0.000
0.000
0.000
0.000
0.000
0.000
0.000
0.000
0.000
0.000
0.000
0.000
0.000
0.000
0.000
0.000
0.000
0.000
0.000
0.000
0.000
0.000
0.000
0.000
0.000
0.000
0.000
0.000
0.000
0.000
0.000
0.000
0.000
0.000
0.000
0.000
0.000
0.000
0.000
0.000
0.000
0.000
0.000
0.000
0.000
0.000
0.000
0.000
0.000
0.000
0.000
0.000
0.000
0.000
0.000
0.000
0.000
0.000
0.000
0.000
0.000
0.000
0.000
0.000
0.000
0.000
0.000
0.000
0.000
0.000
0.000
0.000
0.000
0.000
0.000
0.000
0.000
0.000
0.000
0.000
0.000
0.000
0.000
0.000
0.000
0.000
0.000
0.000
0.000
0.000
0.000
0.000
0.000
0.000
0.000
0.000
0.000
0.000
0.000
0.000
0.000
0.000
0.000
0.000
0.000
0.000
0.000
0.000
0.000
0.000
0.000
0.000
0.000
0.000
0.000
0.000
0.000
0.000
0.000
0.000
0.000
0.000
0.000
0.000
0.000
0.000
0.000
0.000
0.000
0.000
0.000
0.000
0.000
0.000
0.000
0.000
0.000
0.123
0.123
0.123
0.123
0.123
0.123
0.123
0.123
0.000
0.000
0.000
0.000
0.000
0.000
0.000
0.247
0.247
0.247
0.247
0.247
0.247
0.247
0.247
0.196
0.131
0.131
0.131
0.131
0.131
0.131
0.131
0.131
0.171
0.153
0.208
0.208
0.208
0.208
0.208
0.208
0.208
0.208
0.000
0.000
0.000
0.000
0.135
0.135
0.192
0.206
0.206
0.206
0.206
0.206
0.206
0.206
0.206
0.192
0.192
0.192
0.192
0.192
0.192
0.192
0.100
0.135
0.135
0.135
0.135
0.135
0.135
0.135
0.135
0.000
0.000
0.000
0.000
0.000
0.135
0.167
0.167
0.167
0.167
0.167
0.167
0.167
0.167
0.134
0.134
0.134
0.160
0.174
0.174
0.174
0.174
0.174
0.174
0.174
0.174
0.243
0.243
0.243
0.243
0.243
0.243
0.243
0.243
0.227
0.000
0.000
0.000
0.000
0.000
0.227
0.227
0.227
0.227
0.227
0.227
0.227
0.227
0.215
0.172
0.172
0.172
0.172
0.172
0.154
0.154
0.154
0.154
0.207
0.207
0.207
0.207
0.207
0.207
0.207
0.207
0.148
0.148
0.131
0.117
0.117
0.125
0.141
0.141
0.141
0.141
0.141
0.205
0.205
0.205
0.205
0.205
0.205
0.206
0.206
0.206
0.206
0.206
0.206
0.206
0.206
0.138
0.138
0.138
0.138
0.138
0.138
0.138
0.138
0.166
0.166
0.166
0.166
0.293
0.789
0.789
0.789
0.789
0.789
0.789
0.789
0.789
0.266
0.266
0.266
0.266
0.306
0.286
0.286
0.286
0.286
0.286
0.286
0.286
0.286
0.177
0.177
0.177
0.177
0.177
0.508
0.508
0.508
0.508
0.508
0.508
0.508
0.508
0.429
0.187
0.160
0.225
0.225
0.225
0.225
0.225
0.225
0.225
0.225
0.210
0.210
0.210
0.163
0.163
0.147
0.147
0.143
0.126
0.126
0.133
0.160
0.163
0.163
0.188
0.365
0.721
0.721
0.721
0.721
0.721
0.721
0.721
0.721
0.232
0.232
0.232
0.287
0.287
0.287
0.287
0.287
0.288
0.288
0.395
0.395
0.395
0.395
0.395
0.395
0.395
0.395
0.175
0.175
0.175
0.175
0.250
0.250
0.541
0.541
0.541
0.541
0.541
0.541
0.541
0.541
0.508
0.295
0.244
0.267
0.267
0.267
0.267
0.267
0.267
0.267
0.382
0.382
0.382
0.382
0.382
0.382
0.382
0.382
0.156
0.156
0.166
0.166
0.190
0.230
0.230
0.230
0.420
0.479
0.479
0.479
0.479
0.479
0.479
0.479
0.479
0.220
0.220
0.220
0.185
0.247
0.249
0.249
0.249
0.249
0.391
0.391
0.391
0.391
0.391
0.391
0.391
0.391
0.388
0.171
0.171
0.171
0.171
0.143
0.143
0.130
0.142
0.142
0.154
0.323
0.323
0.323
0.323
0.323
0.323
0.323
0.323
0.206
0.206
0.194
0.194
0.194
0.194
0.194
0.262
0.262
0.262
0.262
0.262
0.262
0.262
0.262
0.242
0.241
0.241
0.241
0.241
0.241
0.241
0.257
0.257
0.257
0.257
0.581
0.486
0.486
0.486
0.548
0.548
0.548
0.548
0.548
0.548
0.548
0.548
0.326
0.364
0.364
0.364
0.364
0.364
0.364
0.364
0.364
0.301
0.301
0.312
0.312
0.312
0.312
0.312
0.312
0.312
0.312
0.283
0.283
0.283
0.336
0.336
0.336
0.336
0.336
0.336
0.336
0.336
0.282
0.282
0.309
0.332
0.332
0.376
0.376
0.380
0.380
0.380
0.380
0.380
0.380
0.380
0.380
0.306
0.306
0.252
0.276
0.276
0.276
0.376
0.334
0.334
0.334
0.334
0.334
0.334
0.334
0.334
0.334
0.334
0.334
0.334
0.334
0.334
0.334
0.358
0.358
0.358
0.358
0.358
0.358
0.358
0.358
0.299
0.299
0.299
0.299
0.263
0.314
0.496
0.496
0.496
0.496
0.496
0.496
0.496
0.496
0.402
0.310
0.307
0.296
0.349
0.563
0.563
0.563
0.563
0.563
0.563
0.563
0.563
0.405
0.405
0.405
0.341
0.341
0.341
0.341
0.360
0.360
0.360
0.360
0.360
0.360
0.360
0.360
0.345
0.345
0.345
0.345
0.345
0.341
0.341
0.341
0.341
0.341
0.351
0.351
0.351
0.351
0.351
0.351
0.351
0.351
0.341
0.341
0.341
0.339
0.339
0.339
0.313
0.313
0.313
0.313
0.501
0.530
0.530
0.530
0.530
0.530
0.530
0.530
0.530
0.436
0.436
0.289
0.289
0.379
0.379
0.379
0.379
0.379
0.379
0.379
0.379
0.331
0.331
0.354
0.354
0.354
0.354
0.354
0.354
0.354
0.354
0.290
0.290
0.349
0.349
0.349
0.349
0.349
0.349
0.349
0.349
0.335
0.335
0.335
0.335
0.242
0.293
0.300
0.300
0.300
0.300
0.300
0.300
0.300
0.300
0.323
0.316
0.316
0.316
0.316
0.316
0.316
0.316
0.287
0.295
0.302
0.302
0.351
0.351
0.351
0.351
0.351
0.351
0.351
0.356
0.356
0.356
0.356
0.356
0.356
0.356
0.356
0.309
0.382
0.382
0.382
0.382
0.382
0.382
0.382
0.382
0.313
0.313
0.313
0.313
0.313
0.313
0.272
0.494
0.616
0.616
0.616
0.616
0.616
0.616
0.616
0.616
0.432
0.432
0.494
0.494
0.494
0.494
0.494
0.494
0.494
0.494
0.352
0.352
0.352
0.352
0.366
0.366
0.366
0.366
0.366
0.366
0.366
0.366
0.397
0.397
0.397
0.397
0.397
0.397
0.397
0.397
0.255
0.255
0.224
0.224
0.224
0.224
0.244
0.244
0.244
0.244
0.244
0.315
0.315
0.315
0.315
0.315
0.315
0.315
0.315
0.259
0.259
0.259
0.259
0.259
0.324
0.324
0.324
0.456
0.456
0.456
0.456
0.456
0.456
0.456
0.456
0.331
0.331
0.331
0.331
0.331
0.358
0.358
0.358
0.358
0.358
0.358
0.358
0.358
0.300
0.300
0.474
0.474
0.474
0.474
0.474
0.474
0.474
0.474
0.450
0.450
0.450
0.450
0.450
0.450
0.450
0.351
0.351
0.301
0.301
0.335
0.335
0.368
0.368
0.368
0.368
0.373
0.373
0.373
0.373
0.373
0.373
0.373
0.373
0.304
0.304
0.304
0.348
0.415
0.415
0.415
0.424
0.424
0.424
0.424
0.424
0.424
0.424
0.424
0.346
0.342
0.342
0.319
0.319
0.319
0.319
0.319
0.319
0.388
0.388
0.388
0.388
0.388
0.388
0.388
0.388
0.387
0.310
0.393
0.393
0.393
0.393
0.393
0.393
0.393
0.393
0.338
0.330
0.317
0.317
0.317
0.308
0.308
0.305
0.347
0.347
0.347
0.347
0.347
0.347
0.347
0.347
0.320
0.320
0.320
0.296
0.381
0.381
0.381
0.381
0.381
0.381
0.381
0.450
0.450
0.450
0.450
0.450
0.450
0.450
0.450
0.450
0.450
0.450
0.450
0.450
0.450
0.450
0.285
0.312
0.311
0.311
0.311
0.311
0.311
0.311
0.311
0.311
0.286
0.285
0.329
0.315
0.315
0.315
0.315
0.315
0.315
0.315
0.315
0.294
0.376
0.568
0.568
0.568
0.568
0.568
0.568
0.568
0.568
0.423
0.423
0.423
0.423
0.423
0.423
0.423
0.282
0.282
0.282
0.269
0.269
0.285
0.301
0.285
0.321
0.321
0.321
0.321
0.321
0.321
0.678
0.678
0.678
0.678
0.678
0.678
0.678
0.678
0.485
0.429
0.429
0.401
0.401
0.401
0.401
0.371
0.371
0.419
0.419
0.419
0.419
0.419
0.419
0.419
0.419
0.317
0.317
0.317
0.317
0.317
0.576
0.576
0.576
0.576
0.576
0.576
0.576
0.576
0.426
0.426
0.426
0.426
0.426
0.426
0.426
0.426
0.426
0.335
0.340
0.340
0.340
0.340
0.340
0.340
0.340
0.340
0.262
0.439
0.369
0.369
0.369
0.369
0.369
0.369
0.376
0.376
0.468
0.468
0.468
0.468
0.468
0.468
0.468
0.468
0.352
0.342
0.342
0.351
0.395
0.395
0.395
0.395
0.395
0.395
0.395
0.350
0.341
0.341
0.883
0.883
0.883
0.883
0.883
0.883
0.883
0.883
0.661
0.458
0.372
0.321
0.309
0.309
0.309
0.403
0.403
0.403
0.403
0.403
0.403
0.403
0.403
0.391
0.391
0.391
0.393
0.393
0.393
0.393
0.393
0.393
0.393
0.393
0.289
0.303
0.303
0.354
0.368
0.368
0.368
0.420
0.420
0.546
0.467
0.467
0.467
0.467
0.467
0.467
0.467
0.434
0.424
0.424
0.424
0.424
0.424
0.424
0.424
0.424
0.332
0.332
0.282
0.282
0.268
0.268
0.559
0.559
0.559
0.559
0.559
0.559
0.559
0.559
0.559
0.559
0.559
0.559
0.559
0.559
0.559
0.559
0.387
0.387
0.387
0.397
0.397
0.397
0.397
0.397
0.397
0.397
0.397
0.302
0.302
0.330
0.438
0.438
0.438
0.438
0.438
0.438
0.438
0.398
0.426
0.426
0.426
0.426
0.426
0.426
0.426
0.426
0.355
0.348
0.348
0.348
0.348
0.348
0.348
0.337
0.337
0.337
0.337
0.337
0.337
0.337
0.368
0.368
0.534
0.514
0.514
0.514
0.514
0.514
0.514
0.514
0.507
0.507
0.507
0.370
0.362
0.337
0.337
0.337
0.337
0.426
0.426
0.426
0.426
0.426
0.426
0.426
0.426
0.378
0.378
0.383
0.442
0.442
0.442
0.442
0.777
0.735
0.735
0.735
0.735
0.735
0.735
0.735
0.735
0.614
0.487
0.487
0.387
0.387
0.387
0.387
0.386
0.373
0.325
0.325
0.325
0.325
0.325
0.325
0.289
0.289
0.289
0.289
0.289
0.289
0.276
0.375
0.400
0.400
0.400
0.400
0.400
0.400
0.400
0.400
0.373
0.373
0.373
0.356
0.356
0.356
0.356
0.356
0.356
0.356
0.338
0.338
0.338
0.338
0.338
0.403
0.479
0.479
0.479
0.517
0.530
0.530
0.530
0.530
0.530
0.530
0.530
0.530
0.338
0.327
0.327
0.327
0.375
0.368
0.368
0.368
0.379
0.434
0.434
0.434
0.434
0.434
0.434
0.434
0.454
0.454
0.454
0.454
0.454
0.454
0.454
0.454
0.335
0.402
0.502
0.509
0.509
0.509
0.509
0.509
0.509
0.509
0.509
0.424
0.424
0.515
0.515
0.515
0.515
0.515
0.515
0.515
0.515
0.432
0.432
0.432
0.392
0.392
0.436
0.436
0.436
0.436
0.436
0.436
0.463
0.474
0.474
0.474
0.474
0.474
0.474
0.474
0.474
0.347
0.347
0.347
0.347
0.347
0.347
0.381
0.381
0.381
0.381
0.381
0.381
0.381
0.381
0.324
0.324
0.324
0.358
0.358
0.358
0.358
0.358
0.358
0.658
0.658
0.658
0.658
0.658
0.658
0.658
0.658
0.550
0.550
0.550
0.550
0.550
0.550
0.550
0.550
0.550
0.550
0.550
0.550
0.550
0.550
0.399
0.399
0.399
0.399
0.454
0.454
0.454
0.454
0.454
0.454
0.454
0.454
0.357
0.357
0.357
0.479
0.479
0.479
0.479
0.479
0.479
0.479
0.479
0.395
0.387
0.387
0.387
0.387
0.387
0.382
0.382
0.382
0.382
0.382
0.382
0.354
0.354
0.354
0.354
0.347
0.347
0.439
0.576
0.576
0.576
0.576
0.576
0.576
0.576
0.576
0.442
0.384
0.355
0.406
0.406
0.406
0.406
0.406
0.406
0.447
0.447
0.447
0.447
0.447
0.447
0.447
0.447
0.384
0.384
0.384
0.384
0.375
0.457
0.457
0.457
0.457
0.561
0.561
0.561
0.561
0.561
0.561
0.561
0.450
0.450
0.351
0.351
0.351
0.419
0.419
0.419
0.419
0.419
0.419
0.419
0.419
0.381
0.371
0.355
0.355
0.355
0.355
0.527
0.541
0.541
0.541
0.541
0.541
0.541
0.541
0.541
0.327
0.327
0.349
0.349
0.349
0.349
0.349
0.349
0.349
0.349
0.308
0.308
0.308
0.308
0.308
0.308
0.308
0.308
0.323
0.323
0.323
0.323
0.323
0.474
0.474
0.474
0.474
0.474
0.474
0.474
0.474
0.282
0.282
0.371
0.392
0.392
0.392
0.392
0.392
0.392
0.392
0.392
0.218
0.218
0.265
0.265
0.265
0.265
0.267
0.326
0.326
0.326
0.561
0.561
0.561
0.561
0.561
0.561
0.561
0.561
0.431
0.481
0.481
0.481
0.481
0.481
0.481
0.481
0.481
0.440
0.394
0.320
0.320
0.385
0.489
0.489
0.489
0.489
0.489
0.489
0.489
0.489
0.357
0.357
0.357
0.357
0.357
0.357
0.357
0.357
0.349
0.310
0.310
0.310
0.310
0.280
0.280
0.280
0.284
0.284
0.284
0.284
0.284
0.284
0.284
0.284
0.289
0.289
0.289
0.289
0.431
0.431
0.431
0.431
0.431
0.431
0.431
0.431
0.340
0.356
0.356
0.356
0.356
0.366
0.366
0.398
0.398
0.398
0.398
0.398
0.398
0.398
0.398
0.372
0.372
0.372
0.275
0.297
0.297
0.297
0.297
0.297
0.297
0.297
0.297
0.242
0.242
0.231
0.206
0.179
0.178
0.178
0.178
0.182
0.182
0.281
0.281
0.281
0.281
0.281
0.281
0.281
0.281
0.266
0.304
0.304
0.304
0.304
0.408
0.408
0.408
0.408
0.408
0.408
0.408
0.408
0.391
0.339
0.339
0.339
0.339
0.339
0.339
0.339
0.339
0.258
0.258
0.258
0.265
0.265
0.265
0.265
0.265
0.265
0.265
0.265
0.253
0.253
0.253
0.274
0.294
0.294
0.294
0.294
0.294
0.294
0.294
0.294
0.283
0.283
0.283
0.275
0.275
0.275
0.275
0.293
0.293
0.293
0.293
0.293
0.293
0.293
0.293
0.209
0.197
0.218
0.231
0.283
0.295
0.487
0.665
0.665
0.665
0.665
0.665
0.665
0.665
0.665
0.436
0.436
0.436
0.436
0.436
0.436
0.436
0.436
0.436
0.436
0.436
0.274
0.274
0.274
0.399
0.399
0.399
0.399
0.399
0.399
0.399
0.481
0.481
0.481
0.481
0.481
0.481
0.481
0.481
0.343
0.317
0.317
0.317
0.317
0.225
0.225
0.225
0.319
0.319
0.319
0.319
0.319
0.319
0.319
0.319
0.278
0.278
0.278
0.278
0.644
0.644
0.644
0.644
0.644
0.644
0.644
0.644
0.523
0.318
0.318
0.318
0.318
0.385
0.385
0.385
0.385
0.385
0.385
0.385
0.385
0.289
0.308
0.308
0.308
0.308
0.308
0.308
0.308
0.308
0.297
0.286
0.286
0.286
0.286
0.296
0.296
0.296
0.296
0.296
0.296
0.296
0.296
0.236
0.238
0.260
0.260
0.260
0.260
0.260
0.260
0.260
0.260
0.200
0.200
0.280
0.280
0.280
0.280
0.280
0.280
0.280
0.280
0.264
0.264
0.264
0.264
0.264
0.296
0.417
0.417
0.417
0.417
0.417
0.417
0.417
0.417
0.380
0.380
0.380
0.380
0.380
0.380
0.342
0.342
0.342
0.342
0.342
0.302
0.302
0.302
0.302
0.302
0.302
0.302
0.222
0.222
0.222
0.221
0.221
0.257
0.257
0.283
0.257
0.257
0.257
0.257
0.257
0.224
0.224
0.224
0.205
0.197
0.207
0.207
0.207
0.292
0.292
0.330
0.659
0.659
0.659
0.659
0.659
0.659
0.659
0.565
0.377
0.341
0.341
0.371
0.371
0.371
0.371
0.371
0.371
0.371
0.371
0.314
0.424
0.424
0.424
0.424
0.424
0.424
0.424
0.424
0.357
0.357
0.357
0.428
0.428
0.564
0.564
0.564
0.564
0.564
0.564
0.564
0.564
0.332
0.332
0.332
0.275
0.274
0.274
0.259
0.259
0.259
0.256
0.256
0.256
0.256
0.249
0.239
0.175
0.175
0.304
0.304
0.304
0.304
0.304
0.304
0.304
0.304
0.286
0.286
0.286
0.286
0.471
0.471
0.471
0.471
0.471
0.471
0.471
0.471
0.322
0.265
0.265
0.265
0.265
0.265
0.265
0.362
0.362
0.362
0.362
0.362
0.362
0.362
0.362
0.329
0.320
0.320
0.320
0.320
0.320
0.320
0.318
0.318
0.318
0.434
0.450
0.450
0.450
0.450
0.450
0.450
0.450
0.318
0.306
0.306
0.306
0.306
0.304
0.262
0.348
0.346
0.346
0.346
0.346
0.346
0.346
0.346
0.346
0.334
0.224
0.350
0.444
0.444
0.444
0.444
0.444
0.444
0.444
0.444
0.309
0.309
0.309
0.309
0.309
0.309
0.309
0.309
0.309
0.383
0.383
0.383
0.383
0.383
0.383
0.383
0.383
0.382
0.382
0.382
0.382
0.382
0.382
0.315
0.315
0.315
0.320
0.320
0.320
0.320
0.320
0.320
0.320
0.320
0.311
0.311
0.311
0.324
0.324
0.324
0.381
0.324
0.324
0.324
0.324
0.268
0.346
0.346
0.346
0.346
0.346
0.346
0.346
0.346
0.217
0.217
0.217
0.237
0.237
0.237
0.259
0.259
0.259
0.259
0.259
0.452
0.452
0.452
0.452
0.452
0.452
0.452
0.452
0.362
0.331
0.491
0.553
0.553
0.553
0.553
0.553
0.553
0.553
0.553
0.240
0.240
0.240
0.328
0.401
0.401
0.401
0.401
0.401
0.401
0.401
0.345
0.345
0.253
0.253
0.317
0.317
0.317
0.317
0.339
0.339
0.339
0.339
0.339
0.339
0.339
0.339
0.277
0.277
0.277
0.246
0.246
0.246
0.246
0.246
0.246
0.246
0.258
0.406
0.406
0.406
0.406
0.406
0.406
0.406
0.406
0.281
0.281
0.324
0.324
0.599
0.499
0.499
0.594
0.594
0.594
0.594
0.594
0.594
0.594
0.594
0.416
0.416
0.416
0.416
0.291
0.291
0.346
0.347
0.347
0.347
0.347
0.347
0.347
0.347
0.315
0.527
0.527
0.527
0.527
0.527
0.527
0.527
0.536
0.420
0.420
0.420
0.420
0.420
0.420
0.420
0.523
0.614
0.614
0.614
0.614
0.614
0.614
0.614
0.614
0.303
0.303
0.303
0.303
0.307
0.307
0.330
0.330
0.330
0.330
0.330
0.377
0.461
0.461
0.461
0.461
0.461
0.461
0.461
0.405
0.356
0.356
0.356
0.334
0.334
0.334
0.334
0.334
0.403
0.403
0.403
0.403
0.403
0.432
0.462
0.462
0.462
0.462
0.462
0.462
0.462
0.462
0.245
0.251
0.257
0.257
0.277
0.360
0.360
0.360
0.360
0.360
0.360
0.360
0.360
0.298
0.298
0.298
0.298
0.298
0.341
0.341
0.341
0.341
0.341
0.341
0.341
0.341
0.310
0.310
0.310
0.321
0.321
0.321
0.385
0.385
0.385
0.385
0.385
0.385
0.385
0.385
0.286
0.286
0.286
0.375
0.375
0.375
0.375
0.375
0.375
0.375
0.375
0.239
0.239
0.250
0.338
0.338
0.338
0.338
0.338
0.769
0.769
0.769
0.769
0.769
0.769
0.769
0.769
0.240
0.240
0.240
0.240
0.240
0.392
0.392
0.392
0.392
0.392
0.392
0.392
0.392
0.300
0.300
0.300
0.300
0.300
0.300
0.300
0.300
0.292
0.311
0.311
0.311
0.311
0.311
0.360
0.360
0.360
0.360
0.360
0.360
0.360
0.360
0.355
0.327
0.290
0.290
0.290
0.343
0.343
0.343
0.343
0.343
0.483
0.483
0.483
0.483
0.483
0.483
0.483
0.483
0.430
0.430
0.430
0.326
0.223
0.223
0.223
0.223
0.411
0.411
0.411
0.411
0.411
0.411
0.411
0.411
0.400
0.267
0.213
0.338
0.338
0.338
0.338
0.338
0.524
0.492
0.492
0.492
0.610
0.610
0.610
0.610
0.610
0.610
0.610
0.610
0.488
0.488
0.488
0.488
0.488
0.488
0.488
0.488
0.488
0.488
0.350
0.350
0.435
0.435
0.435
0.435
0.435
0.435
0.435
0.435
0.224
0.280
0.286
0.286
0.286
0.286
0.286
0.286
0.286
0.286
0.270
0.270
0.270
0.270
0.293
0.293
0.293
0.293
0.293
0.293
0.293
0.260
0.260
0.228
0.228
0.228
0.228
0.304
0.414
0.414
0.414
0.414
0.414
0.414
0.414
0.414
0.355
0.355
0.355
0.355
0.332
0.332
0.332
0.266
0.266
0.266
0.266
0.266
0.360
0.360
0.360
0.360
0.360
0.360
0.360
0.360
0.310
0.310
0.310
0.310
0.310
0.404
0.404
0.404
0.404
0.404
0.404
0.404
0.404
0.310
0.310
0.366
0.366
0.366
0.366
0.366
0.366
0.366
0.366
0.301
0.301
0.301
0.301
0.298
0.298
0.245
0.212
0.212
0.409
0.419
0.419
0.419
0.419
0.419
0.419
0.419
0.419
0.254
0.297
0.297
0.297
0.297
0.297
0.297
0.297
0.297
0.267
0.223
0.263
0.263
0.263
0.263
0.263
0.263
0.263
0.263
0.263
0.263
0.263
0.263
0.263
0.263
0.263
0.263
0.673
0.736
0.736
0.736
0.736
0.736
0.736
0.736
0.736
0.331
0.262
0.262
0.282
0.282
0.282
0.282
0.472
0.337
0.337
0.337
0.337
0.337
0.337
0.337
0.292
0.292
0.292
0.292
0.292
0.292
0.292
0.292
0.253
0.485
0.386
0.386
0.386
0.386
0.386
0.386
0.386
0.349
0.329
0.329
0.329
0.299
0.214
0.214
0.214
0.214
0.214
0.218
0.218
0.399
0.299
0.299
0.299
0.299
0.406
0.299
0.332
0.332
0.332
0.332
0.332
0.332
0.332
0.332
0.299
0.261
0.365
0.365
0.365
0.382
0.382
0.382
0.382
0.382
0.382
0.382
0.382
0.320
0.320
0.313
0.313
0.313
0.313
0.313
0.313
0.454
0.464
0.464
0.464
0.464
0.464
0.464
0.464
0.464
0.395
0.395
0.395
0.347
0.447
0.447
0.447
0.447
0.447
0.447
0.447
0.447
0.274
0.274
0.274
0.274
0.274
0.257
0.271
0.301
0.301
0.301
0.301
0.301
0.301
0.301
0.241
0.241
0.333
0.333
0.333
0.333
0.333
0.333
0.357
0.357
0.357
0.357
0.357
0.357
0.357
0.357
0.183
0.223
0.272
0.309
0.320
0.490
0.605
0.605
0.605
0.605
0.605
0.605
0.605
0.605
0.307
0.307
0.307
0.307
0.307
0.307
0.267
0.267
0.267
0.267
0.267
0.267
0.242
0.242
0.242
0.242
0.341
0.341
0.341
0.341
0.605
0.564
0.564
0.564
0.564
0.564
0.564
0.564
0.564
0.344
0.236
0.236
0.190
0.183
0.173
0.254
0.254
0.254
0.254
0.254
0.254
0.254
0.254
0.247
0.324
0.321
0.321
0.321
0.321
0.321
0.321
0.321
0.321
0.208
0.219
0.219
0.219
0.219
0.219
0.219
0.295
0.295
0.295
0.295
0.295
0.295
0.295
0.295
0.213
0.353
0.353
0.353
0.353
0.353
0.353
0.353
0.562
0.562
0.562
0.562
0.562
0.562
0.562
0.562
0.340
0.279
0.279
0.261
0.261
0.261
0.261
0.261
0.255
0.199
0.199
0.192
0.192
0.192
0.192
0.192
0.288
0.288
0.291
0.330
0.330
0.330
0.330
0.330
0.330
0.330
0.330
0.291
0.291
0.291
0.291
0.291
0.291
0.291
0.224
0.231
0.231
0.231
0.231
0.231
0.231
0.231
0.231
0.206
0.206
0.227
0.227
0.227
0.227
0.227
0.327
0.327
0.327
0.327
0.331
0.355
0.355
0.355
0.355
0.355
0.355
0.355
0.355
0.195
0.195
0.187
0.186
0.186
0.200
0.200
0.200
0.200
0.388
0.285
0.285
0.285
0.285
0.363
0.363
0.431
0.481
0.481
0.481
0.481
0.481
0.481
0.481
0.481
0.362
0.362
0.362
0.362
0.330
0.330
0.330
0.330
0.324
0.332
0.324
0.324
0.320
0.361
0.361
0.361
0.461
0.481
0.481
0.481
0.481
0.560
0.790
0.790
0.790
0.790
0.790
0.790
0.790
0.790
0.437
0.437
0.437
0.437
0.437
0.437
0.437
0.437
0.322
0.322
0.309
0.309
0.317
0.345
0.345
0.345
0.345
0.345
0.396
0.529
0.529
0.529
0.529
0.529
0.529
0.529
0.529
0.498
0.498
0.498
0.498
0.498
0.498
0.412
0.438
0.438
0.438
0.489
0.489
0.489
0.489
0.489
0.489
0.489
0.489
0.377
0.377
0.377
0.383
0.383
0.441
0.441
0.441
0.441
0.441
0.441
0.441
0.435
0.435
0.435
0.335
0.335
0.335
0.348
0.359
0.338
0.338
0.446
0.446
0.446
0.446
0.446
0.446
0.446
0.446
0.311
0.275
0.335
0.335
0.435
0.443
0.443
0.443
0.514
0.514
0.514
0.514
0.514
0.514
0.514
0.514
0.423
0.335
0.335
0.335
0.350
0.359
0.359
0.359
0.359
0.359
0.361
0.361
0.361
0.361
0.361
0.361
0.361
0.361
0.336
0.336
0.371
0.371
0.371
0.371
0.371
0.371
0.371
0.362
0.362
0.362
0.362
0.362
0.362
0.362
0.395
0.395
0.395
0.395
0.395
0.395
0.395
0.395
0.313
0.313
0.313
0.313
0.313
0.313
0.313
0.313
0.380
0.380
0.380
0.380
0.380
0.380
0.380
0.380
0.364
0.364
0.364
0.364
0.364
0.364
0.364
0.364
0.289
0.317
0.317
0.317
0.317
0.317
0.317
0.317
0.317
0.310
0.310
0.310
0.381
0.381
0.381
0.446
0.626
0.626
0.626
0.626
0.626
0.626
0.626
0.626
0.359
0.359
0.359
0.359
0.359
0.359
0.359
0.359
0.289
0.289
0.289
0.271
0.403
0.730
0.730
0.730
0.730
0.730
0.730
0.730
0.601
0.601
0.517
0.342
0.342
0.342
0.393
0.393
0.393
0.393
0.393
0.393
0.393
0.393
0.362
0.362
0.362
0.362
0.362
0.362
0.362
0.362
0.312
0.312
0.303
0.300
0.459
0.459
0.459
0.459
0.459
0.459
0.459
0.459
0.508
0.508
0.508
0.508
0.508
0.508
0.508
0.508
0.473
0.473
0.473
0.473
0.471
0.471
0.471
0.471
0.474
0.474
0.474
0.474
0.474
0.474
0.474
0.474
0.418
0.397
0.397
0.401
0.511
0.511
0.511
0.511
0.511
0.511
0.511
0.401
0.361
0.361
0.361
0.361
0.361
0.339
0.348
0.348
0.348
0.348
0.386
0.386
0.386
0.386
0.386
0.386
0.386
0.386
0.394
0.394
0.394
0.394
0.394
0.394
0.394
0.394
0.356
0.356
0.356
0.404
0.404
0.404
0.404
0.404
0.404
0.404
0.404
0.361
0.361
0.361
0.361
0.361
0.361
0.435
0.435
0.435
0.435
0.435
0.435
0.484
0.524
0.523
0.523
0.523
0.523
0.523
0.523
0.523
0.523
0.427
0.427
0.386
0.386
0.386
0.386
0.542
0.542
0.542
0.542
0.542
0.542
0.542
0.542
0.370
0.370
0.370
0.370
0.370
0.370
0.368
0.368
0.366
0.288
0.288
0.307
0.307
0.307
0.307
0.307
0.307
0.307
0.307
0.280
0.280
0.305
0.305
0.305
0.371
0.371
0.371
0.371
0.371
0.371
0.371
0.371
0.288
0.288
0.419
0.427
0.427
0.427
0.427
0.489
0.489
0.489
0.489
0.489
0.489
0.489
0.489
0.424
0.424
0.419
0.345
0.345
0.345
0.325
0.325
0.325
0.325
0.290
0.304
0.304
0.304
0.304
0.304
0.304
0.319
0.319
0.319
0.319
0.319
0.319
0.319
0.319
0.302
0.267
0.287
0.328
0.328
0.343
0.343
0.343
0.343
0.343
0.343
0.343
0.343
0.342
0.342
0.342
0.342
0.342
0.320
0.464
0.464
0.464
0.464
0.464
0.464
0.464
0.464
0.442
0.389
0.400
0.415
0.419
0.671
0.671
0.671
0.671
0.671
0.671
0.671
0.671
0.413
0.351
0.342
0.342
0.342
0.342
0.316
0.316
0.316
0.332
0.312
0.303
0.303
0.372
0.372
0.629
0.629
0.629
0.629
0.629
0.629
0.629
0.629
0.409
0.419
0.419
0.524
0.524
0.524
0.524
0.524
0.524
0.524
0.524
0.397
0.397
0.422
0.422
0.422
0.422
0.422
0.422
0.422
0.422
0.369
0.369
0.369
0.369
0.369
0.377
0.405
0.405
0.405
0.405
0.405
0.405
0.405
0.376
0.485
0.485
0.485
0.485
0.485
0.485
0.485
0.485
0.480
0.324
0.305
0.494
0.494
0.494
0.494
0.494
0.494
0.494
0.494
0.479
0.479
0.479
0.479
0.479
0.479
0.479
0.461
0.361
0.361
0.361
0.337
0.337
0.526
0.526
0.526
0.526
0.526
0.526
0.526
0.526
0.506
0.506
0.506
0.318
0.318
0.305
0.401
0.425
0.425
0.425
0.425
0.499
0.535
0.535
0.535
0.535
0.535
0.535
0.535
0.535
0.423
0.423
0.423
0.508
0.508
0.508
0.508
0.508
0.508
0.508
0.508
0.381
0.381
0.381
0.382
0.382
0.382
0.382
0.382
0.382
0.382
0.382
0.307
0.334
0.506
0.506
0.506
0.506
0.506
0.506
0.506
0.506
0.506
0.506
0.506
0.506
0.506
0.506
0.506
0.506
0.297
0.351
0.297
0.277
0.277
0.277
0.269
0.269
0.411
0.370
0.382
0.382
0.382
0.382
0.382
0.382
0.382
0.382
0.383
0.383
0.383
0.383
0.383
0.383
0.383
0.383
0.270
0.270
0.314
0.380
0.401
0.401
0.401
0.401
0.582
0.582
0.582
0.582
0.582
0.582
0.582
0.582
0.467
0.364
0.364
0.364
0.364
0.452
0.452
0.452
0.476
0.476
0.476
0.485
0.485
0.485
0.485
0.485
0.564
0.564
0.564
0.564
0.881
0.881
0.881
0.881
0.881
0.881
0.881
0.881
0.638
0.638
0.638
0.638
0.638
0.638
0.638
0.638
0.638
0.638
0.638
0.638
0.375
0.375
0.481
0.339
0.339
0.339
0.339
0.339
0.373
0.373
0.373
0.373
0.373
0.373
0.373
0.373
0.355
0.386
0.386
0.441
0.600
0.600
0.600
0.600
0.600
0.600
0.600
0.600
0.535
0.535
0.535
0.535
0.535
0.535
0.535
0.535
0.535
0.535
0.535
0.535
0.604
0.604
0.604
0.604
0.604
0.604
0.604
0.604
0.552
0.349
0.349
0.422
0.444
0.422
0.422
0.422
0.432
0.435
0.435
0.435
0.435
0.435
0.472
0.472
0.472
0.472
0.472
0.472
0.472
0.486
0.486
0.486
0.486
0.486
0.486
0.486
0.415
0.426
0.351
0.351
0.351
0.351
0.335
0.335
0.335
0.328
0.328
0.328
0.328
0.328
0.305
0.305
0.245
0.515
0.515
0.515
0.515
0.515
0.515
0.515
0.515
0.339
0.515
0.515
0.515
0.515
0.515
0.515
0.515
0.515
0.362
0.311
0.332
0.345
0.345
0.345
0.362
0.362
0.362
0.362
0.459
0.459
0.459
0.469
0.469
0.469
0.469
0.469
0.469
0.469
0.469
0.416
0.416
0.416
0.416
0.416
0.386
0.386
0.386
0.386
0.386
0.386
0.337
0.337
0.337
0.337
0.337
0.337
0.337
0.337
0.299
0.299
0.299
0.418
0.665
0.444
0.444
0.444
0.444
0.444
0.444
0.444
0.444
0.484
0.434
0.476
0.476
0.476
0.476
0.476
0.476
0.476
0.476
0.404
0.404
0.404
0.330
0.330
0.330
0.330
0.330
0.330
0.330
0.420
0.494
0.494
0.494
0.494
0.494
0.494
0.494
0.494
0.423
0.423
0.423
0.292
0.263
0.263
0.263
0.247
0.314
0.475
0.475
0.475
0.475
0.475
0.475
0.475
0.512
0.477
0.638
0.638
0.638
0.638
0.638
0.638
0.638
0.638
0.387
0.387
0.387
0.546
0.546
0.546
0.546
0.546
0.546
0.546
0.546
0.526
0.526
0.526
0.526
0.526
0.526
0.526
0.526
0.583
0.583
0.583
0.583
0.583
0.583
0.583
0.583
0.417
0.417
0.417
0.417
0.417
0.417
0.417
0.368
0.368
0.368
0.368
0.368
0.368
0.368
0.381
0.381
0.381
0.381
0.381
0.381
0.381
0.381
0.359
0.359
0.335
0.335
0.335
0.335
0.335
0.433
0.433
0.433
0.433
0.433
0.433
0.433
0.433
0.379
0.379
0.379
0.349
0.349
0.349
0.349
0.349
0.496
0.500
0.500
0.500
0.500
0.500
0.500
0.500
0.500
0.435
0.435
0.435
0.435
0.435
0.435
0.435
0.435
0.303
0.568
0.568
0.568
0.568
0.568
0.568
0.568
0.568
0.354
0.354
0.354
0.329
0.329
0.329
0.329
0.329
0.407
0.407
0.407
0.407
0.407
0.407
0.407
0.407
0.345
0.345
0.345
0.345
0.345
0.345
0.345
0.395
0.467
0.467
0.467
0.467
0.467
0.467
0.467
0.467
0.373
0.373
0.373
0.356
0.357
0.357
0.357
0.357
0.357
0.357
0.357
0.357
0.357
0.357
0.357
0.411
0.411
0.411
0.411
0.411
0.458
0.458
0.458
0.458
0.458
0.458
0.458
0.458
0.458
0.458
0.458
0.458
0.458
0.458
0.458
0.458
0.358
0.289
0.376
0.376
0.376
0.376
0.376
0.376
0.376
0.376
0.222
0.222
0.221
0.292
0.332
0.332
0.332
0.640
0.640
0.640
0.640
0.640
0.640
0.640
0.640
0.621
0.337
0.337
0.337
0.467
0.476
0.476
0.476
0.476
0.476
0.476
0.476
0.464
0.464
0.464
0.464
0.464
0.464
0.332
0.332
0.332
0.370
0.370
0.370
0.370
0.370
0.370
0.370
0.370
0.351
0.351
0.351
0.291
0.291
0.319
0.332
0.336
0.336
0.336
0.336
0.336
0.336
0.336
0.366
0.366
0.366
0.366
0.366
0.366
0.366
0.366
0.301
0.547
0.547
0.547
0.547
0.547
0.547
0.547
0.547
0.527
0.527
0.527
0.527
0.497
0.444
0.444
0.444
0.444
0.444
0.398
0.398
0.398
0.317
0.317
0.317
0.317
0.330
0.330
0.330
0.330
0.330
0.357
0.357
0.357
0.392
0.545
0.545
0.545
0.545
0.545
0.545
0.545
0.444
0.323
0.376
0.370
0.370
0.370
0.370
0.370
0.370
0.370
0.327
0.269
0.243
0.323
0.495
0.464
0.464
0.464
0.464
0.464
0.464
0.464
0.390
0.390
0.390
0.390
0.291
0.291
0.574
0.643
0.643
0.643
0.643
0.643
0.643
0.643
0.503
0.395
0.395
0.395
0.276
0.276
0.276
0.276
0.276
0.276
0.263
0.263
0.394
0.473
0.505
0.505
0.505
0.505
0.505
0.505
0.505
0.505
0.384
0.384
0.384
0.384
0.384
0.384
0.384
0.384
0.354
0.354
0.285
0.355
0.357
0.357
0.357
0.357
0.357
0.389
0.389
0.389
0.389
0.389
0.389
0.389
0.389
0.284
0.392
0.476
0.476
0.476
0.476
0.476
0.476
0.476
0.476
0.408
0.408
0.387
0.387
0.387
0.387
0.387
0.387
0.450
0.504
0.504
0.504
0.504
0.504
0.550
0.550
0.550
0.550
0.550
0.550
0.550
0.550
0.376
0.376
0.376
0.376
0.376
0.376
0.376
0.379
0.379
0.379
0.379
0.379
0.379
0.379
0.379
0.349
0.349
0.349
0.349
0.349
0.349
0.491
0.394
0.394
0.394
0.394
0.394
0.394
0.394
0.624
0.624
0.624
0.624
0.624
0.624
0.624
0.624
0.345
0.388
0.388
0.388
0.388
0.388
0.388
0.388
0.368
0.368
0.331
0.331
0.356
0.356
0.356
0.851
0.851
0.851
0.851
0.851
0.851
0.851
0.851
0.488
0.488
0.488
0.488
0.488
0.359
0.359
0.359
0.359
0.359
0.359
0.320
0.626
0.626
0.626
0.626
0.626
0.626
0.626
0.626
0.439
0.439
0.439
0.439
0.439
0.415
0.415
0.411
0.411
0.411
0.345
0.329
0.329
0.300
0.300
0.300
0.300
0.300
0.300
0.298
0.298
0.298
0.298
0.288
0.258
0.258
0.363
0.363
0.363
0.363
0.363
0.363
0.363
0.390
0.390
0.390
0.390
0.390
0.390
0.390
0.390
0.290
0.290
0.290
0.290
0.290
0.290
0.290
0.290
0.307
0.307
0.307
0.307
0.307
0.307
0.307
0.307
0.290
0.290
0.290
0.338
0.338
0.338
0.465
0.616
0.616
0.616
0.616
0.616
0.616
0.616
0.616
0.428
0.428
0.428
0.428
0.428
0.428
0.415
0.415
0.415
0.415
0.342
0.297
0.239
0.239
0.226
0.226
0.234
0.295
0.622
0.622
0.622
0.622
0.622
0.622
0.622
0.622
0.622
0.286
0.394
0.394
0.394
0.394
0.394
0.394
0.394
0.460
0.460
0.460
0.460
0.460
0.460
0.460
0.460
0.324
0.324
0.324
0.391
0.391
0.391
0.391
0.391
0.391
0.544
0.544
0.544
0.544
0.544
0.544
0.544
0.512
0.297
0.297
0.284
0.340
0.340
0.340
0.340
0.340
0.340
0.340
0.413
0.493
0.493
0.493
0.493
0.493
0.493
0.493
0.493
0.350
0.350
0.350
0.524
0.524
0.524
0.524
0.524
0.524
0.524
0.524
0.329
0.398
0.398
0.398
0.398
0.398
0.398
0.398
0.398
0.304
0.304
0.304
0.304
0.273
0.273
0.273
0.273
0.260
0.260
0.276
0.276
0.360
0.360
0.360
0.360
0.360
0.360
0.360
0.360
0.313
0.354
0.354
0.354
0.354
0.354
0.354
0.354
0.354
0.397
0.397
0.397
0.397
0.397
0.397
0.397
0.397
0.306
0.306
0.306
0.227
0.227
0.227
0.227
0.579
0.716
0.716
0.716
0.716
0.716
0.716
0.716
0.716
0.286
0.394
0.394
0.394
0.394
0.394
0.394
0.394
0.394
0.317
0.276
0.283
0.342
0.342
0.342
0.342
0.420
0.420
0.420
0.420
0.459
0.474
0.459
0.459
0.459
0.459
0.459
0.459
0.437
0.437
0.437
0.437
0.437
0.437
0.437
0.437
0.311
0.311
0.311
0.300
0.289
0.260
0.316
0.353
0.353
0.353
0.353
0.372
0.372
0.372
0.372
0.372
0.372
0.372
0.372
0.352
0.207
0.207
0.217
0.217
0.217
0.217
0.287
0.352
0.366
0.366
0.366
0.366
0.366
0.366
0.366
0.366
0.235
0.235
0.349
0.403
0.403
0.403
0.729
0.729
0.729
0.729
0.729
0.729
0.729
0.729
0.489
0.399
0.399
0.399
0.399
0.399
0.399
0.399
0.310
0.253
0.253
0.253
0.253
0.388
0.388
0.388
0.410
0.410
0.410
0.410
0.410
0.410
0.410
0.410
0.341
0.259
0.325
0.325
0.325
0.325
0.325
0.365
0.365
0.365
0.365
0.365
0.365
0.365
0.365
0.263
0.278
0.278
0.278
0.278
0.341
0.395
0.395
0.395
0.395
0.395
0.395
0.395
0.395
0.462
0.462
0.462
0.462
0.462
0.462
0.462
0.506
0.506
0.506
0.506
0.506
0.506
0.506
0.506
0.498
0.344
0.344
0.361
0.361
0.361
0.361
0.361
0.369
0.369
0.369
0.369
0.369
0.369
0.369
0.369
0.356
0.356
0.356
0.356
0.472
0.472
0.472
0.472
0.472
0.472
0.472
0.472
0.372
0.356
0.356
0.411
0.411
0.411
0.411
0.411
0.411
0.411
0.411
0.312
0.312
0.319
0.319
0.319
0.332
0.353
0.353
0.353
0.353
0.353
0.436
0.358
0.358
0.358
0.358
0.358
0.358
0.414
0.414
0.414
0.414
0.414
0.414
0.414
0.414
0.249
0.356
0.356
0.356
0.356
0.356
0.356
0.389
0.389
0.389
0.389
0.389
0.389
0.389
0.389
0.316
0.335
0.466
0.466
0.466
0.466
0.466
0.466
0.466
0.466
0.335
0.335
0.335
0.335
0.335
0.335
0.335
0.324
0.324
0.324
0.324
0.297
0.297
0.324
0.324
0.443
0.443
0.443
0.443
0.443
0.443
0.443
0.443
0.377
0.377
0.377
0.377
0.377
0.358
0.358
0.358
0.358
0.358
0.358
0.358
0.358
0.358
0.358
0.358
0.358
0.628
0.628
0.628
0.628
0.628
0.628
0.628
0.628
0.243
0.243
0.229
0.229
0.229
0.230
0.230
0.325
0.325
0.325
0.325
0.325
0.325
0.325
0.325
0.247
0.247
0.247
0.247
0.436
0.436
0.436
0.436
0.436
0.448
0.448
0.448
0.448
0.448
0.448
0.448
0.448
0.349
0.346
0.346
0.346
0.346
0.346
0.310
0.264
0.264
0.264
0.264
0.241
0.241
0.241
0.300
0.339
0.339
0.339
0.339
0.339
0.368
0.368
0.368
0.368
0.368
0.368
0.368
0.368
0.353
0.274
0.274
0.274
0.274
0.274
0.274
0.301
0.301
0.328
0.328
0.328
0.328
0.328
0.330
0.340
0.340
0.340
0.340
0.348
0.348
0.348
0.348
0.348
0.348
0.348
0.348
0.331
0.331
0.331
0.331
0.398
0.398
0.398
0.398
0.398
0.398
0.398
0.453
0.453
0.453
0.453
0.453
0.453
0.453
0.453
0.377
0.402
0.402
0.402
0.402
0.402
0.402
0.402
0.402
0.257
0.203
0.340
0.340
0.340
0.340
0.340
0.350
0.340
0.340
0.305
0.305
0.305
0.305
0.305
0.288
0.308
0.456
0.456
0.456
0.456
0.456
0.456
0.456
0.456
0.321
0.321
0.321
0.321
0.321
0.321
0.321
0.297
0.297
0.297
0.297
0.297
0.297
0.291
0.291
0.481
0.606
0.606
0.606
0.606
0.606
0.606
0.606
0.508
0.484
0.484
0.484
0.484
0.484
0.274
0.274
0.317
0.490
0.490
0.490
0.490
0.490
0.490
0.490
0.490
0.365
0.365
0.365
0.365
0.365
0.317
0.317
0.234
0.321
0.321
0.321
0.321
0.321
0.414
0.414
0.414
0.414
0.414
0.414
0.414
0.414
0.320
0.288
0.288
0.301
0.408
0.408
0.408
0.408
0.408
0.408
0.408
0.504
0.562
0.562
0.562
0.562
0.562
0.562
0.562
0.562
0.301
0.286
0.286
0.286
0.278
0.278
0.371
0.371
0.371
0.371
0.371
0.371
0.371
0.371
0.360
0.360
0.360
0.360
0.360
0.360
0.360
0.235
0.228
0.228
0.228
0.329
0.353
0.354
0.354
0.354
0.354
0.354
0.354
0.354
0.354
0.327
0.327
0.327
0.327
0.637
0.637
0.637
0.637
0.637
0.637
0.637
0.637
0.327
0.327
0.327
0.269
0.269
0.269
0.269
0.297
0.333
0.333
0.333
0.333
0.333
0.333
0.333
0.333
0.277
0.277
0.277
0.277
0.277
0.277
0.266
0.266
0.331
0.331
0.331
0.331
0.331
0.331
0.331
0.331
0.390
0.390
0.390
0.390
0.390
0.390
0.390
0.390
0.367
0.367
0.367
0.367
0.222
0.242
0.242
0.242
0.266
0.266
0.266
0.266
0.266
0.266
0.278
0.290
0.290
0.290
0.290
0.290
0.290
0.290
0.290
0.290
0.290
0.290
0.290
0.290
0.290
0.307
0.323
0.323
0.323
0.323
0.323
0.323
0.323
0.323
0.323
0.323
0.323
0.323
0.323
0.383
0.383
0.383
0.383
0.383
0.383
0.383
0.383
0.362
0.362
0.430
0.430
0.430
0.430
0.430
0.430
0.430
0.430
0.362
0.362
0.362
0.362
0.209
0.209
0.209
0.209
0.209
0.404
0.340
0.404
0.404
0.404
0.404
0.404
0.404
0.404
0.404
0.315
0.315
0.261
0.261
0.261
0.261
0.261
0.261
0.247
0.252
0.297
0.297
0.297
0.297
0.297
0.297
0.297
0.297
0.217
0.217
0.213
0.213
0.244
0.257
0.257
0.257
0.257
0.257
0.257
0.257
0.257
0.399
0.399
0.399
0.399
0.399
0.399
0.399
0.478
0.478
0.478
0.478
0.478
0.478
0.478
0.478
0.337
0.337
0.264
0.264
0.241
0.241
0.241
0.241
0.246
0.246
0.246
0.246
0.246
0.246
0.246
0.240
0.249
0.249
0.249
0.249
0.249
0.249
0.249
0.249
0.300
0.182
0.182
0.182
0.182
0.182
0.182
0.182
0.121
0.121
0.117
0.117
0.117
0.209
0.209
0.209
0.209
0.260
0.260
0.260
0.260
0.260
0.260
0.260
0.260
0.207
0.161
0.161
0.161
0.243
0.256
0.256
0.256
0.256
0.256
0.256
0.256
0.256
0.154
0.154
0.154
0.117
0.288
0.288
0.288
0.288
0.302
0.302
0.302
0.302
0.302
0.302
0.302
0.302
0.266
0.266
0.266
0.266
0.266
0.266
0.244
0.244
0.244
0.193
0.193
0.193
0.193
0.193
0.193
0.000
0.000
0.235
0.235
0.235
0.478
0.492
0.492
0.492
0.492
0.492
0.492
0.492
0.492
0.150
0.110
0.157
0.193
0.193
0.193
0.193
0.193
0.193
0.193
0.193
0.000
0.000
0.000
0.000
0.000
0.000
0.000
0.000
0.111
0.111
0.111
0.114
0.114
0.114
0.114
0.114
0.114
0.114
0.114
0.000
0.000
0.000
0.000
0.000
0.000
0.000
0.000
0.000
0.000
0.000
0.000
0.000
0.000
0.000
0.000
0.000
0.105
0.000
0.112
0.112
0.124
0.156
0.170
0.170
0.170
0.170
0.170
0.170
0.170
0.170
0.140
0.140
0.140
0.140
0.158
0.158
0.158
0.158
0.158
0.158
0.158
0.158
0.158
0.158
0.158
0.158
0.158
0.158
0.158
0.158
0.155
0.155
0.155
0.155
0.155
0.155
0.155
0.143
0.143
0.143
0.143
0.157
0.157
0.157
0.157
0.157
0.157
0.157
0.157
0.157
0.157
0.157
0.157
0.223
0.382
0.382
0.382
0.382
0.382
0.382
0.382
0.382
0.169
0.169
0.169
0.169
0.166
0.110
0.000
0.168
0.170
0.170
0.170
0.170
0.170
0.170
0.170
0.170
0.137
0.000
0.000
0.000
0.000
0.000
0.000
0.000
0.000
0.000
0.000
0.000
0.000
0.000
0.000
0.000
0.000
0.000
0.000
0.000
0.000
0.000
0.000
0.000
0.000
0.000
0.000
0.000
0.000
0.000
0.000
0.000
0.000
0.000
0.000
0.000
0.000
0.000
0.000
0.000
0.000
0.000
0.000
0.000
0.000
0.000
0.000
0.000
0.000
0.000
0.000
0.000
0.000
0.000
0.000
0.000
0.000
0.000
0.000
0.000
0.000
0.000
0.000
0.000
0.000
0.000
0.000
0.000
0.000
0.000
0.000
0.000
0.000
0.000
0.000
0.000
0.000
0.000
0.000
0.000
0.000
0.000
0.000
0.000
0.000
0.000
0.000
0.000
0.000
0.000
0.000
0.000
0.000
0.000
0.000
0.000
0.000
0.000
0.000
0.000
0.000
0.000
0.000
0.000
0.000
0.000
0.000
0.000
0.000
0.000
0.000
0.000
0.000
0.000
0.000
0.000
0.000
0.000
0.000
0.000
0.000
0.000
0.000
0.000
0.000
0.000
0.000
0.000
0.000
0.000
0.000
0.000
0.000
0.000
0.000
0.000
0.000
0.000
0.000
0.000
0.000
0.000
0.000
0.000
0.000
0.000
0.000
0.000
0.000
0.000
0.000
0.000
0.000
0.000
0.000
0.000
0.000
0.000
0.000
0.000
0.000
0.000
0.000
0.000
0.000
0.000
0.000
0.000
0.000
0.000
0.000
0.000
0.000
0.000
0.000
0.000
0.000
0.000
0.000
0.000
0.000
0.000
0.000
0.000
0.000
0.000
0.000
0.000
0.000
0.000
0.000
0.000
0.000
0.000
0.000
0.000
0.000
0.000
0.000
0.000
0.000
0.000
0.000
0.000
0.000
0.000
0.000
0.000
0.000
0.000
0.000
0.000
0.000
0.000
0.000
0.000
0.000
0.000
0.000
0.000
0.000
0.000
0.000
0.000
0.000
0.000
0.000
0.000
0.000
0.000
0.000
0.000
0.000
0.000
0.000
0.000
0.000
0.000
0.000
0.000
0.000
0.000
0.000
