0.000
0.000
0.000
0.000
0.000
0.000
0.000
0.000
0.000
0.000
0.000
0.000
0.000
0.000
0.000
0.000
0.000
0.000
0.000
0.000
0.000
0.000
0.000
0.000
0.000
0.000
0.000
0.000
0.000
0.000
0.000
0.000
0.000
0.000
0.000
0.000
0.000
0.000
0.000
0.000
0.000
0.000
0.000
0.000
0.000
0.000
0.000
0.000
0.000
0.000
0.000
0.000
0.000
0.000
0.000
0.000
0.000
0.000
0.000
0.000
0.000
0.000
0.000
0.000
0.000
0.000
0.000
0.000
0.000
0.000
0.000
0.000
0.000
0.000
0.000
0.000
0.000
0.000
0.000
0.000
0.000
0.000
0.000
0.000
0.000
0.000
0.000
0.000
0.000
0.000
0.000
0.000
0.000
0.000
0.000
0.000
0.000
0.000
0.000
0.000
0.000
0.000
0.000
0.000
0.000
0.000
0.000
0.000
0.000
0.000
0.000
0.000
0.000
0.000
0.000
0.000
0.000
0.000
0.000
0.000
0.000
0.000
0.000
0.000
0.000
0.000
0.000
0.000
0.000
0.000
0.000
0.000
0.000
0.000
0.000
0.000
0.000
0.000
0.000
0.000
0.000
0.000
0.000
0.000
0.000
0.000
0.000
0.000
0.000
0.000
0.000
0.000
0.000
0.000
0.000
0.000
0.000
0.000
0.000
0.000
0.000
0.000
0.000
0.000
0.000
0.000
0.001
0.001
0.001
0.002
0.002
0.002
0.002
0.002
0.004
0.003
0.003
0.003
0.004
0.005
0.007
0.007
0.009
0.008
0.007
0.069
0.071
0.079
0.037
0.035
0.076
0.084
0.075
0.068
0.056
0.076
0.028
0.008
0.003
0.006
0.006
0.004
0.004
0.004
0.006
0.008
0.007
0.007
0.007
0.006
0.038
0.053
0.057
0.028
0.027
0.057
0.061
0.054
0.047
0.041
0.051
0.026
0.017
0.003
0.005
0.005
0.006
0.006
0.006
0.005
0.032
0.044
0.047
0.025
0.023
0.047
0.051
0.047
0.040
0.044
0.036
0.017
0.014
0.011
0.009
0.181
0.090
0.028
0.025
0.023
0.021
0.019
0.015
0.022
0.025
0.020
0.015
0.019
0.156
0.060
0.016
0.252
0.196
0.113
0.091
0.071
0.056
0.053
0.036
0.141
0.162
0.131
0.029
0.027
0.124
0.044
0.017
0.171
0.214
0.208
0.031
0.024
0.020
0.017
0.016
0.012
0.018
0.012
0.012
0.011
0.137
0.162
0.114
0.016
0.404
0.206
0.118
0.112
0.171
0.204
0.114
0.052
0.044
0.044
0.036
0.029
0.095
0.162
0.079
0.021
0.021
0.204
0.223
0.032
0.017
0.018
0.019
0.015
0.028
0.019
0.015
0.012
0.070
0.180
0.167
0.037
0.020
0.293
0.143
0.113
0.084
0.076
0.065
0.046
0.038
0.179
0.174
0.069
0.029
0.093
0.154
0.030
0.016
0.172
0.243
0.232
0.033
0.017
0.016
0.018
0.014
0.020
0.019
0.018
0.011
0.024
0.171
0.119
0.041
0.018
0.363
0.143
0.130
0.102
0.222
0.204
0.072
0.043
0.040
0.040
0.023
0.027
0.175
0.144
0.034
0.018
0.032
0.297
0.304
0.162
0.152
0.148
0.136
0.127
0.110
0.120
0.115
0.104
0.164
0.210
0.098
0.088
0.556
0.164
0.164
0.189
0.148
0.144
0.165
0.119
0.234
0.148
0.116
0.162
0.252
0.182
0.174
0.128
0.334
0.147
0.138
0.137
0.126
0.138
0.126
0.115
0.130
0.131
0.116
0.112
0.261
0.161
0.159
0.357
0.789
0.204
0.208
0.154
0.295
0.183
0.141
0.122
0.196
0.219
0.208
0.243
0.266
0.193
0.153
0.306
0.455
0.262
0.194
0.205
0.203
0.201
0.181
0.195
0.178
0.174
0.158
0.147
0.232
0.227
0.145
0.130
0.572
0.229
0.244
0.149
0.143
0.148
0.118
0.118
0.144
0.340
0.225
0.180
0.294
0.296
0.148
0.162
0.147
0.397
0.211
0.143
0.130
0.126
0.121
0.107
0.096
0.095
0.090
0.085
0.266
0.277
0.277
0.199
0.371
0.721
0.197
0.256
0.292
0.329
0.212
0.197
0.222
0.272
0.260
0.232
0.320
0.301
0.209
0.195
0.288
0.395
0.184
0.203
0.168
0.156
0.162
0.144
0.149
0.182
0.109
0.135
0.133
0.324
0.250
0.145
0.135
0.541
0.285
0.295
0.201
0.180
0.171
0.184
0.160
0.244
0.267
0.173
0.170
0.292
0.252
0.162
0.147
0.277
0.382
0.139
0.121
0.120
0.096
0.132
0.104
0.121
0.166
0.158
0.146
0.272
0.243
0.230
0.170
0.511
0.479
0.242
0.246
0.269
0.326
0.193
0.152
0.169
0.154
0.158
0.156
0.205
0.288
0.203
0.165
0.151
0.491
0.227
0.206
0.191
0.176
0.175
0.154
0.156
0.128
0.116
0.089
0.081
0.360
0.259
0.127
0.146
0.698
0.275
0.228
0.123
0.127
0.100
0.096
0.112
0.270
0.292
0.123
0.183
0.229
0.140
0.106
0.219
0.262
0.258
0.094
0.074
0.106
0.095
0.083
0.079
0.123
0.146
0.124
0.125
0.285
0.257
0.179
0.120
0.667
0.321
0.241
0.258
0.551
0.406
0.659
0.338
0.287
0.288
0.372
0.316
0.364
0.300
0.249
0.235
0.507
0.474
0.321
0.314
0.282
0.310
0.316
0.298
0.423
0.365
0.239
0.276
0.334
0.315
0.260
0.248
0.666
0.581
0.406
0.346
0.273
0.274
0.218
0.230
0.207
0.414
0.366
0.228
0.230
0.415
0.252
0.332
0.249
0.389
0.380
0.336
0.315
0.224
0.221
0.279
0.260
0.238
0.296
0.310
0.266
0.268
0.436
0.327
0.246
0.730
0.304
0.362
0.304
0.429
0.375
0.288
0.282
0.306
0.288
0.267
0.231
0.396
0.348
0.305
0.232
0.388
0.426
0.329
0.345
0.393
0.298
0.297
0.299
0.270
0.327
0.227
0.286
0.336
0.466
0.218
0.256
0.882
0.496
0.402
0.328
0.305
0.307
0.276
0.212
0.400
0.410
0.295
0.349
0.398
0.563
0.294
0.405
0.444
0.432
0.341
0.339
0.355
0.411
0.311
0.366
0.374
0.450
0.382
0.275
0.305
0.369
0.391
0.379
0.816
0.419
0.352
0.373
0.337
0.415
0.309
0.289
0.252
0.390
0.356
0.323
0.306
0.390
0.306
0.356
0.209
0.485
0.350
0.321
0.312
0.367
0.311
0.280
0.362
0.288
0.288
0.297
0.362
0.501
0.530
0.289
0.560
0.450
0.296
0.295
0.289
0.288
0.255
0.255
0.274
0.581
0.283
0.329
0.331
0.340
0.349
0.292
0.342
0.493
0.272
0.346
0.363
0.259
0.273
0.333
0.361
0.341
0.302
0.272
0.314
0.379
0.306
0.302
0.546
0.356
0.324
0.345
0.419
0.433
0.282
0.225
0.265
0.308
0.251
0.295
0.338
0.397
0.312
0.194
0.481
0.474
0.304
0.362
0.321
0.323
0.302
0.313
0.193
0.277
0.244
0.212
0.328
0.452
0.230
0.248
0.712
0.456
0.403
0.327
0.337
0.281
0.243
0.220
0.486
0.266
0.312
0.314
0.437
0.459
0.258
0.257
0.295
0.464
0.257
0.247
0.279
0.301
0.258
0.222
0.361
0.291
0.234
0.245
0.345
0.281
0.272
0.315
0.787
0.421
0.897
0.523
0.303
0.307
0.283
0.550
0.501
0.494
0.351
0.397
0.396
0.399
0.331
0.278
0.580
0.381
0.291
0.330
0.332
0.384
0.366
0.296
0.465
0.239
0.259
0.283
0.397
0.241
0.228
0.243
0.719
0.326
0.243
0.240
0.224
0.205
0.226
0.201
0.419
0.319
0.284
0.278
0.239
0.186
0.194
0.275
0.430
0.286
0.279
0.290
0.247
0.222
0.212
0.217
0.292
0.259
0.259
0.218
0.324
0.329
0.250
0.522
0.693
0.358
0.314
0.493
0.372
0.278
0.236
0.285
0.331
0.382
0.347
0.398
0.399
0.367
0.358
0.452
0.370
0.368
0.375
0.363
0.308
0.351
0.474
0.442
0.264
0.383
0.463
0.395
0.311
0.230
0.648
0.601
0.426
0.446
0.401
0.333
0.330
0.303
0.361
0.341
0.395
0.314
0.458
0.424
0.328
0.419
0.513
0.373
0.333
0.374
0.279
0.311
0.312
0.367
0.326
0.314
0.338
0.330
0.428
0.348
0.415
0.424
0.803
0.402
0.385
0.349
0.455
0.319
0.293
0.352
0.328
0.311
0.224
0.433
0.327
0.349
0.433
0.471
0.489
0.408
0.388
0.412
0.387
0.349
0.302
0.450
0.322
0.387
0.304
0.507
0.461
0.330
0.306
0.577
0.361
0.406
0.298
0.317
0.300
0.341
0.338
0.481
0.262
0.325
0.347
0.469
0.364
0.376
0.545
0.458
0.298
0.296
0.336
0.294
0.284
0.183
0.415
0.381
0.286
0.253
0.419
0.315
0.310
0.341
0.523
0.319
0.327
0.353
0.374
0.387
0.271
0.268
0.353
0.294
0.217
0.435
0.318
0.252
0.312
0.318
0.423
0.265
0.325
0.300
0.283
0.322
0.267
0.467
0.345
0.306
0.304
0.395
0.343
0.291
0.232
0.749
0.568
0.318
0.340
0.303
0.347
0.346
0.294
0.455
0.373
0.395
0.364
0.317
0.374
0.343
0.356
0.388
0.309
0.265
0.257
0.264
0.238
0.285
0.425
0.368
0.297
0.340
0.356
0.277
0.303
0.263
0.752
0.574
0.341
0.393
0.431
0.299
0.324
0.217
0.335
0.244
0.273
0.318
0.323
0.474
0.329
0.419
0.415
0.321
0.269
0.278
0.252
0.241
0.370
0.322
0.262
0.288
0.412
0.419
0.219
0.234
0.708
0.346
0.394
0.348
0.416
0.307
0.334
0.332
0.375
0.412
0.310
0.290
0.307
0.357
0.371
0.300
0.323
0.397
0.262
0.259
0.247
0.266
0.222
0.383
0.380
0.288
0.271
0.439
0.430
0.360
0.336
0.497
0.742
0.326
0.377
0.376
0.567
0.352
0.297
0.661
0.515
0.468
0.274
0.371
0.384
0.335
0.300
0.398
0.334
0.381
0.395
0.346
0.345
0.385
0.420
0.444
0.557
0.308
0.348
0.417
0.480
0.373
0.297
0.883
0.458
0.452
0.374
0.437
0.347
0.308
0.236
0.437
0.358
0.339
0.307
0.490
0.307
0.310
0.432
0.495
0.432
0.249
0.394
0.382
0.404
0.315
0.465
0.393
0.372
0.305
0.383
0.321
0.346
0.528
0.776
0.335
0.374
0.276
0.433
0.377
0.420
0.307
0.605
0.653
0.287
0.365
0.387
0.289
0.324
0.487
0.459
0.349
0.321
0.330
0.322
0.348
0.286
0.394
0.494
0.385
0.325
0.353
0.459
0.353
0.285
0.697
0.493
0.375
0.339
0.286
0.289
0.284
0.248
0.405
0.407
0.273
0.282
0.387
0.269
0.285
0.230
0.560
0.397
0.294
0.316
0.275
0.250
0.292
0.449
0.351
0.257
0.209
0.364
0.378
0.438
0.350
0.878
0.339
0.355
0.377
0.440
0.394
0.384
0.374
0.605
0.566
0.429
0.386
0.351
0.284
0.291
0.390
0.311
0.359
0.403
0.379
0.359
0.337
0.383
0.410
0.338
0.322
0.306
0.492
0.543
0.376
0.283
0.534
0.382
0.434
0.507
0.448
0.395
0.319
0.308
0.339
0.351
0.244
0.230
0.417
0.272
0.278
0.408
0.483
0.388
0.515
0.347
0.376
0.352
0.455
0.470
0.367
0.446
0.442
0.305
0.281
0.983
0.696
0.614
0.303
0.403
0.517
0.394
0.448
0.365
0.387
0.386
0.431
0.362
0.336
0.290
0.532
0.406
0.437
0.311
0.259
0.222
0.275
0.330
0.289
0.322
0.346
0.332
0.464
0.252
0.289
0.294
0.780
0.400
0.399
0.456
0.397
0.438
0.428
0.314
0.475
0.338
0.312
0.436
0.427
0.388
0.346
0.376
0.366
0.367
0.344
0.323
0.273
0.272
0.342
0.351
0.534
0.321
0.403
0.530
0.436
0.331
0.333
0.584
0.359
0.405
0.467
0.454
0.369
0.431
0.417
0.403
0.339
0.306
0.359
0.512
0.375
0.336
0.434
0.447
0.431
0.308
0.424
0.447
0.415
0.477
0.512
0.543
0.454
0.322
0.460
0.407
0.335
0.578
0.502
0.509
0.455
0.355
0.327
0.328
0.309
0.287
0.497
0.449
0.400
0.416
0.515
0.432
0.390
0.360
0.407
0.364
0.351
0.386
0.392
0.378
0.419
0.568
0.341
0.381
0.283
0.497
0.334
0.366
0.578
0.607
0.267
0.346
0.452
0.421
0.347
0.326
0.374
0.347
0.307
0.341
0.544
0.416
0.437
0.454
0.471
0.438
0.344
0.324
0.364
0.304
0.292
0.455
0.408
0.342
0.350
0.309
0.548
0.358
0.308
0.757
0.360
0.349
0.440
0.321
0.335
0.381
0.301
0.550
0.524
0.399
0.452
0.422
0.372
0.316
0.433
0.333
0.327
0.331
0.362
0.327
0.381
0.379
0.483
0.454
0.273
0.287
0.431
0.370
0.376
0.485
0.769
0.457
0.530
0.377
0.479
0.395
0.378
0.432
0.363
0.387
0.428
0.550
0.283
0.341
0.359
0.450
0.449
0.414
0.355
0.362
0.340
0.391
0.406
0.455
0.454
0.450
0.409
0.425
0.367
0.293
0.439
0.654
0.542
0.395
0.418
0.379
0.460
0.363
0.488
0.422
0.406
0.324
0.426
0.406
0.314
0.348
0.353
0.447
0.347
0.403
0.505
0.426
0.405
0.630
0.482
0.334
0.430
0.513
0.425
0.474
0.943
0.607
0.758
0.460
0.561
0.502
0.697
0.401
0.437
0.397
0.487
0.312
0.384
0.432
0.601
0.458
0.525
0.551
0.441
0.368
0.289
0.383
0.362
0.393
0.498
0.357
0.347
0.301
0.358
0.323
0.376
0.454
0.617
0.439
0.411
0.327
0.250
0.255
0.229
0.310
0.544
0.399
0.349
0.236
0.345
0.345
0.305
0.312
0.363
0.276
0.308
0.206
0.191
0.165
0.163
0.378
0.229
0.236
0.241
0.428
0.332
0.262
0.634
0.247
0.297
0.289
0.334
0.275
0.211
0.170
0.270
0.251
0.205
0.313
0.392
0.262
0.218
0.206
0.487
0.225
0.206
0.226
0.219
0.198
0.194
0.281
0.416
0.251
0.392
0.424
0.390
0.491
0.363
0.971
0.482
0.420
0.346
0.350
0.278
0.198
0.201
0.481
0.531
0.414
0.404
0.478
0.374
0.285
0.452
0.629
0.329
0.323
0.381
0.251
0.205
0.223
0.385
0.489
0.294
0.237
0.337
0.261
0.282
0.236
0.694
0.349
0.286
0.256
0.398
0.275
0.289
0.310
0.249
0.276
0.189
0.328
0.303
0.234
0.211
0.311
0.304
0.219
0.172
0.172
0.169
0.164
0.297
0.399
0.311
0.234
0.422
0.431
0.312
0.279
0.650
0.388
0.455
0.269
0.281
0.258
0.213
0.252
0.475
0.443
0.459
0.366
0.449
0.402
0.382
0.561
0.568
0.308
0.314
0.265
0.273
0.388
0.291
0.325
0.275
0.297
0.363
0.413
0.256
0.239
0.642
0.280
0.252
0.254
0.380
0.228
0.208
0.161
0.186
0.182
0.162
0.302
0.256
0.219
0.192
0.281
0.360
0.236
0.207
0.196
0.188
0.182
0.289
0.297
0.322
0.304
0.331
0.381
0.182
0.234
0.647
0.344
0.315
0.226
0.279
0.279
0.234
0.232
0.465
0.322
0.299
0.173
0.289
0.283
0.221
0.302
0.316
0.303
0.265
0.237
0.260
0.209
0.380
0.383
0.178
0.201
0.290
0.332
0.214
0.160
0.773
0.254
0.253
0.182
0.331
0.210
0.202
0.192
0.217
0.188
0.215
0.331
0.206
0.162
0.187
0.295
0.342
0.217
0.239
0.209
0.189
0.197
0.220
0.501
0.247
0.231
0.334
0.283
0.388
0.354
0.816
0.496
0.340
0.366
0.436
0.211
0.269
0.354
0.313
0.427
0.264
0.218
0.270
0.288
0.247
0.314
0.399
0.353
0.298
0.211
0.205
0.212
0.213
0.407
0.248
0.258
0.308
0.400
0.244
0.269
0.611
0.420
0.200
0.220
0.318
0.387
0.196
0.176
0.201
0.207
0.199
0.336
0.174
0.241
0.215
0.233
0.320
0.226
0.187
0.203
0.176
0.177
0.316
0.388
0.301
0.246
0.335
0.396
0.233
0.245
0.644
0.355
0.319
0.302
0.296
0.294
0.320
0.213
0.288
0.487
0.292
0.212
0.385
0.342
0.328
0.346
0.265
0.314
0.299
0.289
0.278
0.351
0.298
0.337
0.394
0.281
0.244
0.366
0.279
0.231
0.693
0.440
0.334
0.234
0.324
0.431
0.261
0.258
0.246
0.244
0.236
0.242
0.302
0.180
0.149
0.189
0.260
0.154
0.184
0.167
0.210
0.308
0.213
0.379
0.280
0.290
0.393
0.290
0.277
0.205
0.190
0.713
0.366
0.271
0.302
0.201
0.227
0.219
0.337
0.417
0.241
0.296
0.360
0.354
0.310
0.343
0.388
0.259
0.288
0.258
0.298
0.315
0.342
0.232
0.318
0.282
0.195
0.328
0.212
0.207
0.770
0.358
0.265
0.243
0.194
0.360
0.178
0.149
0.221
0.164
0.195
0.228
0.286
0.207
0.180
0.231
0.372
0.245
0.210
0.197
0.232
0.185
0.172
0.441
0.346
0.215
0.212
0.280
0.292
0.191
0.198
0.756
0.377
0.306
0.283
0.246
0.258
0.227
0.272
0.448
0.187
0.213
0.389
0.297
0.246
0.314
0.376
0.430
0.224
0.257
0.214
0.218
0.226
0.283
0.412
0.256
0.225
0.357
0.264
0.254
0.265
0.711
0.564
0.417
0.380
0.571
0.373
0.282
0.271
0.327
0.279
0.150
0.198
0.259
0.252
0.191
0.398
0.248
0.222
0.182
0.170
0.178
0.166
0.338
0.276
0.189
0.161
0.155
0.304
0.148
0.179
0.760
0.299
0.297
0.286
0.252
0.235
0.240
0.265
0.471
0.405
0.301
0.246
0.239
0.246
0.190
0.223
0.373
0.367
0.337
0.222
0.246
0.208
0.183
0.272
0.421
0.224
0.243
0.224
0.336
0.313
0.273
0.656
0.320
0.257
0.221
0.391
0.449
0.275
0.297
0.241
0.189
0.217
0.549
0.450
0.401
0.320
0.469
0.401
0.287
0.264
0.226
0.227
0.270
0.309
0.415
0.332
0.230
0.362
0.413
0.263
0.282
0.258
0.854
0.322
0.219
0.226
0.222
0.212
0.231
0.350
0.444
0.270
0.268
0.400
0.329
0.255
0.241
0.351
0.405
0.229
0.185
0.346
0.285
0.280
0.336
0.367
0.383
0.212
0.312
0.401
0.251
0.578
0.473
0.307
0.243
0.234
0.387
0.253
0.290
0.254
0.186
0.260
0.214
0.307
0.320
0.259
0.328
0.320
0.327
0.316
0.260
0.305
0.295
0.311
0.410
0.454
0.231
0.241
0.315
0.381
0.262
0.215
0.828
0.363
0.286
0.215
0.172
0.175
0.160
0.162
0.389
0.228
0.308
0.315
0.233
0.150
0.126
0.274
0.163
0.141
0.151
0.160
0.160
0.179
0.452
0.427
0.331
0.262
0.378
0.279
0.240
0.634
0.553
0.307
0.284
0.357
0.310
0.205
0.211
0.268
0.227
0.205
0.328
0.401
0.252
0.274
0.343
0.380
0.262
0.261
0.263
0.248
0.263
0.250
0.317
0.347
0.236
0.388
0.339
0.288
0.234
0.421
0.660
0.344
0.230
0.255
0.240
0.189
0.193
0.315
0.368
0.179
0.185
0.337
0.393
0.198
0.247
0.358
0.452
0.271
0.281
0.221
0.284
0.250
0.333
0.304
0.225
0.261
0.325
0.377
0.184
0.599
0.523
0.594
0.334
0.302
0.455
0.416
0.215
0.349
0.298
0.326
0.283
0.209
0.314
0.308
0.305
0.475
0.347
0.230
0.205
0.225
0.190
0.172
0.454
0.527
0.281
0.295
0.314
0.377
0.288
0.235
0.813
0.420
0.273
0.246
0.281
0.331
0.379
0.374
0.537
0.614
0.265
0.319
0.338
0.264
0.264
0.469
0.377
0.301
0.307
0.300
0.390
0.319
0.375
0.407
0.330
0.254
0.230
0.365
0.248
0.190
0.624
0.509
0.415
0.341
0.323
0.435
0.290
0.222
0.346
0.334
0.286
0.435
0.474
0.330
0.359
0.329
0.440
0.236
0.340
0.290
0.282
0.273
0.220
0.432
0.462
0.299
0.297
0.211
0.437
0.244
0.162
0.869
0.513
0.363
0.242
0.324
0.245
0.249
0.243
0.335
0.360
0.246
0.274
0.389
0.457
0.247
0.297
0.400
0.260
0.271
0.300
0.345
0.341
0.302
0.318
0.425
0.238
0.225
0.370
0.351
0.351
0.728
0.493
0.366
0.355
0.386
0.420
0.349
0.440
0.310
0.342
0.289
0.231
0.467
0.463
0.187
0.245
0.362
0.375
0.263
0.203
0.218
0.239
0.283
0.351
0.385
0.304
0.290
0.340
0.338
0.169
0.209
0.769
0.426
0.334
0.241
0.231
0.221
0.213
0.194
0.392
0.163
0.186
0.173
0.369
0.185
0.244
0.453
0.392
0.294
0.236
0.241
0.194
0.201
0.201
0.377
0.226
0.222
0.306
0.347
0.263
0.254
0.319
0.782
0.281
0.251
0.386
0.299
0.311
0.247
0.218
0.260
0.360
0.403
0.591
0.419
0.296
0.436
0.417
0.272
0.249
0.233
0.197
0.217
0.273
0.333
0.343
0.282
0.230
0.346
0.213
0.172
0.123
0.860
0.430
0.326
0.270
0.240
0.208
0.198
0.278
0.430
0.289
0.194
0.308
0.399
0.252
0.232
0.439
0.400
0.213
0.174
0.166
0.152
0.147
0.261
0.315
0.247
0.176
0.227
0.361
0.262
0.524
0.745
0.500
0.610
0.308
0.405
0.547
0.356
0.292
0.289
0.386
0.415
0.317
0.303
0.300
0.326
0.431
0.234
0.250
0.202
0.215
0.213
0.185
0.308
0.435
0.231
0.224
0.278
0.403
0.218
0.183
0.573
0.421
0.301
0.259
0.194
0.175
0.147
0.149
0.412
0.355
0.212
0.259
0.368
0.260
0.182
0.304
0.455
0.239
0.228
0.203
0.217
0.172
0.207
0.349
0.414
0.188
0.220
0.351
0.344
0.219
0.150
0.743
0.355
0.195
0.423
0.365
0.201
0.230
0.198
0.271
0.173
0.148
0.342
0.259
0.188
0.295
0.360
0.195
0.148
0.150
0.171
0.141
0.152
0.225
0.561
0.340
0.196
0.368
0.443
0.292
0.233
0.698
0.384
0.255
0.252
0.249
0.229
0.182
0.187
0.450
0.241
0.238
0.301
0.390
0.298
0.284
0.431
0.301
0.280
0.233
0.248
0.261
0.221
0.237
0.553
0.292
0.253
0.327
0.304
0.240
0.240
0.573
0.301
0.253
0.297
0.397
0.188
0.217
0.178
0.217
0.231
0.385
0.315
0.246
0.219
0.343
0.376
0.240
0.227
0.217
0.207
0.216
0.186
0.430
0.348
0.181
0.192
0.301
0.307
0.167
0.673
0.736
0.288
0.299
0.202
0.198
0.196
0.195
0.395
0.375
0.224
0.225
0.289
0.257
0.251
0.291
0.472
0.275
0.220
0.204
0.245
0.241
0.269
0.371
0.414
0.207
0.242
0.336
0.313
0.198
0.186
0.720
0.297
0.238
0.410
0.340
0.159
0.191
0.210
0.214
0.218
0.142
0.391
0.212
0.196
0.414
0.273
0.221
0.225
0.197
0.222
0.230
0.197
0.399
0.299
0.205
0.197
0.414
0.332
0.178
0.188
0.719
0.330
0.256
0.287
0.291
0.289
0.236
0.230
0.367
0.201
0.251
0.436
0.252
0.276
0.204
0.925
0.384
0.282
0.268
0.256
0.398
0.576
0.610
0.384
0.257
0.481
0.427
0.519
0.424
0.746
0.478
0.464
0.349
0.332
0.451
0.364
0.304
0.321
0.258
0.347
0.276
0.322
0.380
0.309
0.375
0.447
0.257
0.237
0.255
0.230
0.197
0.185
0.190
0.292
0.274
0.153
0.132
0.296
0.166
0.129
0.228
0.603
0.292
0.241
0.217
0.186
0.168
0.168
0.221
0.370
0.213
0.188
0.330
0.269
0.186
0.183
0.511
0.203
0.183
0.145
0.157
0.161
0.146
0.329
0.441
0.163
0.178
0.309
0.356
0.178
0.689
0.611
0.202
0.201
0.256
0.336
0.150
0.136
0.180
0.233
0.195
0.195
0.284
0.181
0.194
0.153
0.431
0.237
0.194
0.181
0.183
0.176
0.172
0.166
0.445
0.222
0.162
0.341
0.267
0.197
0.160
0.667
0.344
0.241
0.253
0.208
0.176
0.183
0.281
0.297
0.152
0.152
0.314
0.272
0.126
0.131
0.281
0.355
0.224
0.205
0.168
0.181
0.156
0.244
0.346
0.375
0.171
0.222
0.392
0.273
0.223
0.547
0.325
0.264
0.198
0.383
0.262
0.159
0.219
0.211
0.214
0.205
0.249
0.282
0.195
0.174
0.422
0.295
0.185
0.206
0.205
0.193
0.174
0.353
0.410
0.159
0.197
0.229
0.376
0.227
0.135
0.609
0.555
0.260
0.281
0.220
0.204
0.196
0.191
0.316
0.503
0.217
0.213
0.365
0.254
0.197
0.189
0.346
0.180
0.167
0.187
0.173
0.178
0.159
0.194
0.301
0.159
0.165
0.392
0.225
0.186
0.556
0.386
0.247
0.193
0.419
0.258
0.150
0.161
0.136
0.188
0.198
0.224
0.376
0.209
0.197
0.324
0.381
0.224
0.198
0.191
0.188
0.175
0.210
0.361
0.209
0.204
0.327
0.363
0.202
0.185
0.688
0.582
0.300
0.355
0.203
0.253
0.187
0.168
0.453
0.240
0.174
0.270
0.334
0.196
0.150
0.399
0.465
0.211
0.259
0.213
0.241
0.200
0.286
0.388
0.222
0.245
0.308
0.412
0.309
0.927
0.432
0.549
0.481
0.314
0.386
0.619
0.317
0.376
0.470
0.459
0.408
0.390
0.356
0.324
0.389
0.270
0.249
0.366
0.311
0.290
0.323
0.379
0.601
0.321
0.370
0.363
0.546
0.572
0.412
0.600
0.790
0.344
0.403
0.403
0.353
0.329
0.380
0.415
0.443
0.322
0.366
0.355
0.379
0.359
0.376
0.490
0.360
0.307
0.433
0.476
0.352
0.320
0.324
0.499
0.311
0.349
0.589
0.529
0.292
0.757
0.478
0.360
0.358
0.379
0.498
0.446
0.337
0.317
0.397
0.409
0.461
0.595
0.418
0.291
0.511
0.489
0.352
0.358
0.423
0.391
0.377
0.330
0.386
0.595
0.329
0.364
0.419
0.426
0.348
0.383
0.777
0.441
0.678
0.356
0.402
0.336
0.393
0.302
0.441
0.306
0.391
0.335
0.369
0.359
0.396
0.446
0.348
0.275
0.233
0.216
0.252
0.463
0.493
0.558
0.526
0.420
0.372
0.490
0.540
0.365
0.883
0.529
0.432
0.313
0.565
0.378
0.405
0.285
0.297
0.289
0.276
0.479
0.359
0.335
0.432
0.477
0.471
0.491
0.389
0.405
0.419
0.295
0.339
0.320
0.502
0.335
0.319
0.493
0.562
0.273
0.477
0.798
0.478
0.444
0.383
0.341
0.395
0.364
0.362
0.557
0.432
0.415
0.411
0.296
0.259
0.275
0.448
0.414
0.313
0.272
0.242
0.227
0.219
0.205
0.355
0.232
0.215
0.179
0.476
0.344
0.264
0.720
0.380
0.352
0.239
0.458
0.309
0.275
0.262
0.257
0.271
0.329
0.501
0.257
0.301
0.236
0.463
0.242
0.317
0.275
0.261
0.237
0.253
0.223
0.433
0.358
0.251
0.270
0.385
0.214
0.182
0.719
0.626
0.365
0.286
0.280
0.237
0.336
0.283
0.326
0.359
0.277
0.331
0.426
0.227
0.239
0.872
0.573
0.366
0.312
0.276
0.260
0.204
0.730
0.601
0.517
0.288
0.323
0.402
0.390
0.222
0.710
0.448
0.570
0.270
0.460
0.393
0.307
0.313
0.372
0.317
0.341
0.311
0.305
0.410
0.305
0.419
0.312
0.303
0.282
0.234
0.253
0.262
0.333
0.436
0.366
0.405
0.321
0.459
0.453
0.295
0.389
0.876
0.508
0.367
0.368
0.369
0.370
0.473
0.710
0.564
0.490
0.502
0.521
0.405
0.358
0.570
0.655
0.467
0.456
0.441
0.363
0.420
0.362
0.350
0.514
0.418
0.296
0.414
0.419
0.434
0.441
0.691
0.492
0.382
0.374
0.511
0.346
0.374
0.334
0.361
0.274
0.278
0.428
0.459
0.435
0.434
0.417
0.332
0.367
0.343
0.316
0.386
0.467
0.204
0.339
0.511
0.492
0.297
0.384
0.683
0.396
0.365
0.351
0.417
0.398
0.407
0.516
0.594
0.326
0.316
0.433
0.412
0.404
0.365
0.448
0.498
0.405
0.320
0.306
0.277
0.423
0.426
0.555
0.453
0.376
0.385
0.562
0.474
0.546
0.484
0.694
0.523
0.427
0.440
0.441
0.392
0.281
0.323
0.277
0.416
0.403
0.459
0.392
0.374
0.364
0.556
0.305
0.321
0.350
0.345
0.384
0.351
0.462
0.535
0.435
0.371
0.295
0.494
0.340
0.408
0.644
0.674
0.334
0.330
0.360
0.398
0.268
0.380
0.256
0.503
0.326
0.320
0.460
0.305
0.313
0.216
0.444
0.371
0.290
0.301
0.326
0.260
0.340
0.429
0.497
0.240
0.284
0.419
0.427
0.222
0.283
0.689
0.316
0.424
0.343
0.456
0.347
0.279
0.345
0.300
0.312
0.403
0.412
0.294
0.283
0.257
0.442
0.276
0.320
0.317
0.289
0.313
0.263
0.358
0.460
0.304
0.354
0.453
0.466
0.291
0.273
0.946
0.457
0.349
0.351
0.308
0.307
0.370
0.368
0.394
0.288
0.259
0.500
0.378
0.289
0.267
0.478
0.426
0.335
0.405
0.362
0.260
0.273
0.464
0.269
0.303
0.415
0.573
0.530
0.508
0.930
0.615
0.632
0.431
0.456
0.605
0.671
0.351
0.464
0.416
0.450
0.415
0.371
0.438
0.333
0.522
0.376
0.316
0.322
0.369
0.315
0.331
0.282
0.572
0.350
0.343
0.332
0.495
0.430
0.324
0.750
0.404
0.337
0.351
0.305
0.533
0.478
0.463
0.450
0.419
0.345
0.386
0.524
0.323
0.311
0.397
0.471
0.315
0.275
0.252
0.434
0.357
0.359
0.380
0.478
0.352
0.284
0.471
0.385
0.313
0.785
0.379
0.339
0.282
0.436
0.488
0.288
0.367
0.314
0.384
0.333
0.376
0.485
0.480
0.331
0.393
0.541
0.337
0.306
0.298
0.399
0.305
0.287
0.583
0.505
0.410
0.344
0.301
0.512
0.434
0.463
0.801
0.577
0.524
0.361
0.436
0.332
0.401
0.337
0.508
0.304
0.313
0.528
0.423
0.390
0.365
0.633
0.753
0.383
0.415
0.441
0.336
0.369
0.280
0.495
0.284
0.314
0.395
0.426
0.362
0.627
0.917
0.384
0.467
0.585
0.578
0.375
0.403
0.405
0.413
0.347
0.521
0.492
0.423
0.355
0.639
0.508
0.317
0.270
0.310
0.311
0.295
0.347
0.454
0.425
0.409
0.447
0.352
0.494
0.307
0.322
0.758
0.394
0.378
0.372
0.341
0.287
0.277
0.384
0.506
0.334
0.323
0.408
0.359
0.374
0.365
0.460
0.456
0.269
0.297
0.253
0.407
0.313
0.311
0.551
0.286
0.281
0.421
0.514
0.288
0.526
0.798
0.331
0.244
0.411
0.459
0.301
0.313
0.298
0.267
0.257
0.301
0.474
0.264
0.272
0.297
0.525
0.303
0.305
0.323
0.353
0.315
0.328
0.380
0.463
0.287
0.249
0.386
0.435
0.319
0.312
0.586
0.375
0.337
0.360
0.269
0.294
0.292
0.417
0.403
0.302
0.378
0.404
0.288
0.263
0.463
0.539
0.370
0.432
0.507
0.354
0.402
0.313
0.520
0.332
0.333
0.333
0.628
0.479
0.379
0.881
0.595
0.408
0.538
0.583
0.830
0.448
0.582
0.357
0.554
0.558
0.547
0.632
0.428
0.541
0.443
0.418
0.389
0.336
0.384
0.320
0.335
0.502
0.542
0.441
0.330
0.504
0.421
0.495
0.349
0.716
0.361
0.415
0.362
0.327
0.414
0.386
0.441
0.600
0.505
0.568
0.568
0.493
0.332
0.565
0.599
0.438
0.326
0.383
0.482
0.401
0.375
0.396
0.480
0.437
0.519
0.473
0.689
0.382
0.407
0.699
0.552
0.469
0.437
0.585
0.417
0.370
0.349
0.305
0.445
0.401
0.578
0.444
0.308
0.350
0.601
0.386
0.371
0.359
0.492
0.268
0.322
0.412
0.620
0.335
0.398
0.306
0.502
0.502
0.349
0.695
0.552
0.480
0.373
0.436
0.349
0.422
0.319
0.516
0.504
0.323
0.407
0.386
0.370
0.334
0.484
0.516
0.348
0.277
0.310
0.238
0.266
0.234
0.249
0.515
0.228
0.243
0.398
0.407
0.276
0.354
0.666
0.375
0.347
0.496
0.515
0.436
0.321
0.357
0.415
0.345
0.321
0.483
0.298
0.369
0.466
0.441
0.407
0.333
0.368
0.425
0.401
0.370
0.556
0.511
0.319
0.375
0.532
0.469
0.312
0.656
0.713
0.397
0.440
0.411
0.324
0.328
0.353
0.606
0.386
0.271
0.447
0.507
0.283
0.275
0.353
0.393
0.253
0.253
0.288
0.258
0.243
0.268
0.320
0.300
0.250
0.400
0.426
0.252
0.379
0.720
0.400
0.373
0.295
0.639
0.347
0.324
0.361
0.361
0.423
0.542
0.586
0.490
0.328
0.364
0.431
0.261
0.291
0.261
0.305
0.355
0.330
0.309
0.489
0.425
0.319
0.282
0.468
0.364
0.297
0.563
0.494
0.423
0.326
0.302
0.281
0.320
0.218
0.393
0.394
0.207
0.324
0.451
0.247
0.190
0.662
0.557
0.394
0.295
0.235
0.255
0.272
0.299
0.371
0.247
0.212
0.801
0.638
0.311
0.294
0.367
0.275
0.258
0.283
0.509
0.495
0.415
0.498
0.638
0.546
0.347
0.392
0.394
0.368
0.596
0.485
0.443
0.412
0.295
0.358
0.348
0.295
0.341
0.680
0.507
0.412
0.535
0.567
0.354
0.289
0.736
0.462
0.530
0.364
0.311
0.383
0.305
0.310
0.640
0.450
0.399
0.421
0.349
0.347
0.365
0.480
0.491
0.299
0.293
0.359
0.295
0.314
0.361
0.486
0.335
0.342
0.472
0.536
0.408
0.305
0.665
0.433
0.326
0.379
0.549
0.350
0.280
0.323
0.264
0.359
0.339
0.463
0.367
0.297
0.429
0.500
0.423
0.400
0.399
0.336
0.402
0.383
0.420
0.567
0.298
0.413
0.285
0.514
0.500
0.363
0.755
0.490
0.430
0.380
0.344
0.397
0.327
0.331
0.503
0.329
0.337
0.345
0.426
0.286
0.330
0.349
0.437
0.299
0.245
0.213
0.215
0.192
0.164
0.299
0.378
0.227
0.183
0.376
0.294
0.355
0.809
0.521
0.420
0.331
0.461
0.356
0.413
0.353
0.370
0.378
0.304
0.406
0.537
0.360
0.389
0.468
0.463
0.384
0.298
0.275
0.270
0.276
0.286
0.524
0.480
0.437
0.396
0.453
0.513
0.330
0.629
0.470
0.466
0.399
0.373
0.394
0.358
0.291
0.445
0.423
0.363
0.356
0.365
0.219
0.193
0.223
0.397
0.266
0.222
0.183
0.215
0.221
0.188
0.359
0.302
0.224
0.193
0.312
0.420
0.217
0.640
0.621
0.361
0.275
0.392
0.277
0.265
0.229
0.293
0.349
0.385
0.540
0.512
0.370
0.337
0.464
0.315
0.281
0.332
0.439
0.293
0.305
0.268
0.450
0.484
0.370
0.347
0.501
0.352
0.276
0.698
0.414
0.472
0.322
0.317
0.291
0.214
0.274
0.439
0.342
0.265
0.371
0.506
0.295
0.258
0.660
0.575
0.358
0.323
0.247
0.339
0.624
0.409
0.547
0.327
0.419
0.342
0.355
0.443
0.725
0.456
0.509
0.251
0.409
0.513
0.528
0.406
0.442
0.361
0.420
0.383
0.299
0.282
0.493
0.378
0.250
0.243
0.247
0.277
0.238
0.367
0.357
0.214
0.256
0.393
0.451
0.232
0.242
0.770
0.347
0.326
0.306
0.320
0.240
0.259
0.457
0.305
0.263
0.376
0.272
0.215
0.197
0.522
0.283
0.262
0.284
0.207
0.345
0.329
0.299
0.495
0.219
0.246
0.425
0.333
0.287
0.788
0.507
0.346
0.287
0.369
0.264
0.284
0.314
0.822
0.529
0.245
0.326
0.523
0.307
0.356
0.428
0.400
0.329
0.272
0.276
0.268
0.219
0.237
0.413
0.404
0.286
0.236
0.269
0.509
0.257
0.216
0.746
0.373
0.318
0.305
0.419
0.263
0.244
0.275
0.384
0.279
0.283
0.313
0.354
0.285
0.244
0.397
0.484
0.296
0.243
0.223
0.233
0.239
0.406
0.490
0.291
0.267
0.255
0.420
0.254
0.257
0.666
0.400
0.314
0.328
0.387
0.209
0.246
0.574
0.611
0.408
0.289
0.392
0.370
0.270
0.301
0.392
0.477
0.365
0.318
0.296
0.267
0.218
0.221
0.450
0.504
0.258
0.238
0.392
0.319
0.233
0.679
0.455
0.312
0.258
0.267
0.286
0.291
0.221
0.416
0.471
0.253
0.261
0.335
0.275
0.222
0.289
0.459
0.336
0.268
0.296
0.264
0.335
0.349
0.449
0.354
0.290
0.356
0.451
0.367
0.279
0.647
0.394
0.284
0.342
0.384
0.296
0.258
0.315
0.624
0.378
0.379
0.413
0.494
0.381
0.290
0.471
0.368
0.326
0.281
0.331
0.281
0.307
0.267
0.431
0.274
0.260
0.264
0.461
0.224
0.200
0.158
0.851
0.423
0.320
0.284
0.293
0.251
0.291
0.488
0.388
0.258
0.299
0.395
0.223
0.229
0.709
0.599
0.335
0.224
0.341
0.390
0.318
0.658
0.641
0.357
0.304
0.314
0.439
0.430
0.354
0.798
0.370
0.692
0.496
0.329
0.711
0.318
0.379
0.446
0.465
0.305
0.375
0.272
0.356
0.507
0.288
0.328
0.290
0.311
0.251
0.250
0.240
0.409
0.381
0.277
0.295
0.432
0.279
0.270
0.259
0.739
0.334
0.301
0.290
0.292
0.299
0.283
0.451
0.430
0.216
0.235
0.370
0.252
0.299
0.230
0.396
0.375
0.249
0.317
0.274
0.259
0.220
0.276
0.441
0.253
0.225
0.268
0.462
0.278
0.465
0.676
0.332
0.327
0.287
0.373
0.249
0.240
0.669
0.544
0.346
0.264
0.424
0.300
0.297
0.287
0.406
0.299
0.235
0.263
0.266
0.267
0.262
0.210
0.482
0.471
0.213
0.258
0.397
0.455
0.244
0.622
0.458
0.324
0.281
0.285
0.258
0.268
0.286
0.441
0.397
0.312
0.309
0.296
0.261
0.272
0.237
0.453
0.460
0.234
0.278
0.312
0.292
0.312
0.287
0.438
0.249
0.278
0.365
0.419
0.254
0.269
0.544
0.333
0.284
0.242
0.452
0.343
0.237
0.728
0.449
0.386
0.216
0.473
0.364
0.224
0.333
0.429
0.289
0.266
0.213
0.290
0.239
0.243
0.472
0.493
0.222
0.255
0.357
0.397
0.247
0.306
0.693
0.272
0.297
0.335
0.298
0.242
0.193
0.232
0.413
0.206
0.212
0.332
0.228
0.262
0.238
0.355
0.508
0.269
0.257
0.246
0.255
0.257
0.356
0.366
0.244
0.208
0.348
0.510
0.384
0.264
0.791
0.368
0.331
0.313
0.280
0.245
0.248
0.329
0.823
0.348
0.275
0.400
0.339
0.281
0.435
0.397
0.272
0.241
0.252
0.238
0.272
0.201
0.318
0.447
0.239
0.189
0.258
0.426
0.210
0.280
0.716
0.402
0.349
0.279
0.322
0.327
0.281
0.388
0.353
0.274
0.394
0.361
0.284
0.276
0.266
0.539
0.314
0.291
0.220
0.335
0.344
0.301
0.386
0.391
0.334
0.420
0.453
0.370
0.275
0.616
0.550
0.445
0.515
0.562
0.614
0.324
0.529
0.401
0.437
0.335
0.353
0.401
0.306
0.555
0.362
0.283
0.289
0.274
0.250
0.299
0.260
0.344
0.408
0.236
0.247
0.378
0.239
0.249
0.186
0.801
0.266
0.201
0.193
0.194
0.200
0.169
0.213
0.315
0.155
0.215
0.284
0.137
0.141
0.119
0.411
0.366
0.248
0.291
0.242
0.244
0.220
0.262
0.422
0.241
0.222
0.258
0.403
0.197
0.169
0.729
0.489
0.276
0.201
0.250
0.237
0.353
0.763
0.793
0.339
0.321
0.399
0.227
0.230
0.207
0.417
0.300
0.258
0.244
0.275
0.249
0.288
0.213
0.413
0.442
0.208
0.223
0.283
0.445
0.158
0.404
0.716
0.306
0.265
0.201
0.227
0.196
0.183
0.299
0.410
0.257
0.205
0.333
0.249
0.174
0.264
0.468
0.404
0.365
0.271
0.245
0.232
0.219
0.211
0.443
0.278
0.238
0.382
0.450
0.192
0.228
0.835
0.395
0.274
0.220
0.375
0.339
0.234
0.311
0.751
0.439
0.306
0.384
0.469
0.399
0.290
0.506
0.498
0.225
0.264
0.269
0.256
0.224
0.218
0.413
0.428
0.223
0.181
0.400
0.324
0.179
0.143
0.665
0.310
0.264
0.225
0.286
0.223
0.260
0.409
0.323
0.309
0.472
0.391
0.286
0.231
0.304
0.464
0.305
0.252
0.235
0.244
0.261
0.277
0.433
0.284
0.229
0.231
0.398
0.312
0.189
0.875
0.463
0.255
0.204
0.332
0.367
0.218
0.260
0.678
0.473
0.343
0.305
0.499
0.269
0.331
0.352
0.454
0.298
0.264
0.319
0.238
0.276
0.247
0.268
0.398
0.261
0.209
0.411
0.430
0.271
0.259
0.795
0.435
0.406
0.373
0.390
0.259
0.217
0.389
0.411
0.264
0.208
0.466
0.266
0.261
0.390
0.495
0.242
0.302
0.373
0.411
0.307
0.325
0.505
0.522
0.243
0.262
0.415
0.321
0.233
0.890
0.573
0.579
0.266
0.355
0.483
0.403
0.294
0.431
0.368
0.369
0.377
0.305
0.406
0.263
0.472
0.276
0.358
0.342
0.282
0.354
0.279
0.299
0.423
0.302
0.244
0.278
0.315
0.218
0.237
0.175
0.628
0.263
0.243
0.200
0.220
0.190
0.156
0.302
0.287
0.136
0.128
0.333
0.128
0.123
0.128
0.328
0.415
0.249
0.247
0.261
0.236
0.176
0.192
0.294
0.288
0.257
0.309
0.436
0.350
0.263
0.611
0.349
0.346
0.292
0.521
0.496
0.346
0.696
0.394
0.308
0.219
0.256
0.429
0.237
0.202
0.386
0.460
0.296
0.252
0.228
0.267
0.215
0.232
0.220
0.431
0.339
0.204
0.257
0.368
0.201
0.171
0.572
0.298
0.205
0.193
0.180
0.174
0.170
0.284
0.353
0.226
0.203
0.346
0.252
0.239
0.190
0.401
0.392
0.343
0.286
0.309
0.328
0.293
0.297
0.371
0.244
0.271
0.280
0.454
0.278
0.271
0.614
0.400
0.345
0.294
0.243
0.505
0.283
0.206
0.740
0.400
0.316
0.423
0.390
0.286
0.269
0.346
0.503
0.227
0.221
0.228
0.260
0.209
0.240
0.319
0.455
0.185
0.195
0.159
0.356
0.165
0.147
0.723
0.340
0.242
0.185
0.184
0.177
0.165
0.262
0.361
0.190
0.250
0.485
0.358
0.308
0.308
0.462
0.456
0.322
0.234
0.253
0.237
0.204
0.224
0.436
0.383
0.250
0.222
0.396
0.311
0.239
0.247
0.662
0.266
0.265
0.504
0.273
0.236
0.235
0.927
0.419
0.325
0.407
0.500
0.323
0.346
0.484
0.370
0.345
0.305
0.297
0.268
0.299
0.297
0.490
0.463
0.283
0.217
0.457
0.417
0.187
0.562
0.365
0.290
0.267
0.228
0.245
0.172
0.247
0.406
0.293
0.195
0.321
0.366
0.227
0.194
0.399
0.430
0.279
0.255
0.301
0.275
0.256
0.324
0.434
0.288
0.241
0.285
0.392
0.408
0.238
0.587
0.293
0.345
0.315
0.264
0.281
0.247
0.446
0.757
0.360
0.321
0.403
0.473
0.270
0.286
0.308
0.455
0.382
0.313
0.274
0.288
0.293
0.207
0.371
0.420
0.288
0.320
0.421
0.440
0.257
0.530
0.449
0.366
0.266
0.239
0.295
0.234
0.228
0.347
0.405
0.277
0.230
0.404
0.290
0.165
0.243
0.535
0.317
0.303
0.235
0.316
0.280
0.219
0.402
0.486
0.360
0.428
0.209
0.213
0.637
0.402
0.246
0.302
0.297
0.258
0.161
0.200
0.269
0.224
0.220
0.212
0.217
0.242
0.208
0.375
0.394
0.240
0.216
0.206
0.278
0.250
0.219
0.222
0.277
0.242
0.161
0.266
0.446
0.175
0.196
0.596
0.282
0.318
0.236
0.260
0.152
0.232
0.279
0.390
0.314
0.249
0.429
0.398
0.233
0.209
0.362
0.273
0.184
0.227
0.227
0.223
0.242
0.200
0.201
0.266
0.233
0.342
0.376
0.188
0.481
0.554
0.278
0.303
0.285
0.266
0.211
0.212
0.160
0.261
0.298
0.214
0.196
0.338
0.262
0.423
0.383
0.264
0.256
0.237
0.215
0.182
0.176
0.193
0.209
0.231
0.194
0.166
0.385
0.184
0.204
0.617
0.362
0.304
0.232
0.298
0.305
0.209
0.306
0.430
0.231
0.226
0.294
0.352
0.212
0.225
0.427
0.439
0.248
0.209
0.148
0.224
0.183
0.137
0.169
0.204
0.183
0.194
0.404
0.404
0.129
0.175
0.627
0.222
0.255
0.245
0.254
0.220
0.250
0.387
0.275
0.141
0.381
0.268
0.238
0.215
0.252
0.515
0.272
0.190
0.217
0.269
0.221
0.213
0.198
0.187
0.201
0.195
0.357
0.406
0.200
0.169
0.676
0.338
0.217
0.254
0.283
0.243
0.191
0.382
0.456
0.218
0.246
0.320
0.297
0.199
0.185
0.482
0.337
0.246
0.264
0.225
0.207
0.203
0.156
0.129
0.168
0.168
0.176
0.394
0.237
0.136
0.717
0.285
0.188
0.164
0.145
0.113
0.102
0.181
0.287
0.320
0.115
0.136
0.121
0.137
0.128
0.371
0.272
0.148
0.130
0.128
0.109
0.101
0.092
0.079
0.059
0.055
0.052
0.151
0.322
0.133
0.075
0.662
0.249
0.223
0.089
0.318
0.344
0.128
0.108
0.079
0.089
0.065
0.154
0.294
0.084
0.044
0.330
0.256
0.111
0.064
0.062
0.064
0.058
0.058
0.056
0.056
0.057
0.059
0.296
0.288
0.048
0.052
0.763
0.258
0.164
0.091
0.091
0.069
0.078
0.071
0.266
0.109
0.097
0.230
0.244
0.063
0.056
0.305
0.193
0.059
0.043
0.043
0.053
0.043
0.041
0.035
0.039
0.033
0.038
0.251
0.270
0.047
0.603
0.492
0.165
0.146
0.314
0.310
0.078
0.076
0.070
0.052
0.057
0.046
0.219
0.196
0.048
0.030
0.265
0.173
0.032
0.028
0.025
0.025
0.024
0.025
0.019
0.019
0.022
0.210
0.216
0.056
0.495
0.414
0.120
0.114
0.083
0.073
0.055
0.056
0.123
0.197
0.044
0.035
0.113
0.123
0.024
0.031
0.231
0.023
0.023
0.022
0.023
0.016
0.016
0.013
0.015
0.013
0.168
0.132
0.018
0.542
0.213
0.112
0.085
0.124
0.189
0.051
0.049
0.033
0.042
0.029
0.028
0.147
0.118
0.019
0.135
0.187
0.144
0.021
0.016
0.017
0.016
0.014
0.011
0.013
0.012
0.072
0.150
0.051
0.014
0.140
0.334
0.096
0.075
0.041
0.036
0.038
0.029
0.142
0.138
0.029
0.057
0.095
0.067
0.017
0.157
0.157
0.027
0.015
0.011
0.012
0.009
0.010
0.007
0.007
0.007
0.075
0.139
0.040
0.011
0.256
0.382
0.078
0.061
0.131
0.169
0.052
0.038
0.021
0.023
0.024
0.082
0.143
0.047
0.021
0.023
0.189
0.137
0.025
0.011
0.014
0.011
0.010
0.009
0.008
0.007
0.005
0.006
0.006
0.004
0.005
0.005
0.003
0.003
0.004
0.004
0.003
0.004
0.002
0.003
0.002
0.002
0.002
0.003
0.002
0.002
0.002
0.002
0.002
0.002
0.002
0.001
0.001
0.001
0.001
0.001
0.001
0.001
0.001
0.001
0.000
0.000
0.000
0.000
0.000
0.000
0.000
0.000
0.000
0.000
0.000
0.000
0.000
0.000
0.000
0.000
0.000
0.000
0.000
0.000
0.000
0.000
0.000
0.000
0.000
0.000
0.000
0.000
0.000
0.000
0.000
0.000
0.000
0.000
0.000
0.000
0.000
0.000
0.000
0.000
0.000
0.000
0.000
0.000
0.000
0.000
0.000
0.000
0.000
0.000
0.000
0.000
0.000
0.000
0.000
0.000
0.000
0.000
0.000
0.000
0.000
0.000
0.000
0.000
0.000
0.000
0.000
0.000
0.000
0.000
0.000
0.000
0.000
0.000
0.000
0.000
0.000
0.000
0.000
0.000
0.000
0.000
0.000
0.000
0.000
0.000
0.000
0.000
0.000
0.000
0.000
0.000
0.000
0.000
0.000
0.000
0.000
0.000
0.000
0.000
0.000
0.000
0.000
0.000
0.000
0.000
0.000
0.000
0.000
0.000
0.000
0.000
0.000
0.000
0.000
0.000
0.000
0.000
0.000
0.000
0.000
0.000
0.000
0.000
0.000
0.000
0.000
0.000
0.000
0.000
0.000
0.000
0.000
0.000
0.000
0.000
0.000
0.000
0.000
0.000
0.000
0.000
0.000
0.000
0.000
0.000
0.000
0.000
0.000
0.000
0.000
0.000
0.000
0.000
0.000
0.000
0.000
0.000
0.000
0.000
0.000
0.000
0.000
0.000
0.000
0.000
0.000
0.000
0.000
0.000
0.000
0.000
0.000
0.000
0.000
0.000
0.000
0.000
0.000
0.000
0.000
0.000
0.000
0.000
0.000
0.000
0.000
0.000
0.000
0.000
0.000
0.000
0.000
0.000
0.000
0.000
0.000
0.000
0.000
0.000
0.000
0.000
0.000
0.000
0.000
0.000
0.000
0.000
0.000
0.000
0.000
0.000
0.000
0.000
0.000
0.000
0.000
